1.14 0.093882 5.059638 -0.046802 -0.998904 0.082582 0.052418 0.002802 0.950754 0.794884 -0.207214 -0.242301 -0.501521
1.14 -0.012493 2.862214 -0.049903 -0.998754 0.085738 0.052256 0.000074 0.624907 0.406743 -0.060722 0.015032 0.063977
1.14 -0.127871 0.665249 -0.054986 -0.998487 0.080977 0.052507 -0.004403 0.559941 0.516175 -0.128935 0.223174 1.203406
1.14 -0.254004 -1.531126 -0.059681 -0.998218 0.066753 0.053285 -0.008540 0.438193 0.522925 -0.179477 0.374777 2.871692
1.14 -0.388869 -3.726986 -0.062923 -0.998018 0.044847 0.054524 -0.011398 0.260093 0.549105 -0.209455 0.495097 4.856260
1.14 -0.529262 -5.922501 -0.064707 -0.997904 0.018074 0.056071 -0.012973 0.051599 0.569558 -0.225910 0.617083 6.937770
1.14 -0.672398 -8.117839 -0.065416 -0.997858 -0.011115 0.057775 -0.013600 -0.167267 0.590955 -0.237111 0.761444 8.875902
1.14 -0.816040 -10.313145 -0.065168 -0.997874 -0.040753 0.059509 -0.013385 -0.371584 0.615273 -0.244047 0.892776 10.437897
1.14 -0.957713 -12.508578 -0.063625 -0.997974 -0.068661 0.061127 -0.012028 -0.545819 0.627140 -0.240517 0.943009 11.441081
1.14 -1.094136 -14.704341 -0.060396 -0.998174 -0.091954 0.062450 -0.009185 -0.673417 0.621300 -0.218015 0.875232 11.759622
1.14 -1.221649 -16.900636 -0.055525 -0.998457 -0.107411 0.063299 -0.004895 -0.742932 0.590411 -0.174042 0.709914 11.335494
1.14 -1.337253 -19.097587 -0.049570 -0.998771 -0.112392 0.063564 0.000352 -0.746242 0.540451 -0.114725 0.495477 10.170482
1.14 -1.439473 -21.295200 -0.043357 -0.999060 -0.105597 0.063241 0.005825 -0.680954 0.481952 -0.050915 0.278991 8.323596
1.14 -1.528646 -23.493383 -0.037710 -0.999289 -0.087323 0.062412 0.010800 -0.549564 0.425603 0.006946 0.090733 5.907609
1.14 -1.606743 -25.691991 -0.033288 -0.999446 -0.059301 0.061206 0.014695 -0.361019 0.378482 0.051526 -0.057808 3.083350
1.14 -1.676953 -27.890869 -0.030539 -0.999534 -0.024337 0.059760 0.017117 -0.130654 0.344588 0.078777 -0.169520 0.048051
1.14 -1.743224 -30.089870 -0.029707 -0.999559 0.014095 0.058205 0.017852 0.121151 0.325397 0.087214 -0.255280 -2.980820
1.14 -1.809828 -32.288861 -0.030843 -0.999524 0.052237 0.056660 0.016852 0.370732 0.320628 0.077231 -0.327372 -5.784531
1.14 -1.880960 -34.487709 -0.033823 -0.999428 0.086396 0.055244 0.014230 0.593270 0.328960 0.050669 -0.393824 -8.162740
1.14 -1.960350 -36.686270 -0.038350 -0.999264 0.113292 0.054083 0.010244 0.765406 0.348611 0.010560 -0.454850 -9.951746
1.14 -2.050904 -38.884397 -0.043972 -0.999033 0.130365 0.053309 0.005293 0.868222 0.377697 -0.039068 -0.502446 -11.039443
1.14 -2.154402 -41.081951 -0.050117 -0.998743 0.136049 0.053042 -0.000120 0.890100 0.414275 -0.093428 -0.523459 -11.375522
1.14 -2.271302 -43.278833 -0.056155 -0.998422 0.129942 0.053370 -0.005440 0.828736 0.456132 -0.147337 -0.505224 -10.975973
1.14 -2.400695 -45.475016 -0.061475 -0.998109 0.112841 0.054313 -0.010128 0.691672 0.500510 -0.195668 -0.441840 -9.921581
1.14 -2.540435 -47.670569 -0.065563 -0.997848 0.086635 0.055812 -0.013733 0.495063 0.543970 -0.233863 -0.338703 -8.350656
1.14 -2.687440 -49.865651 -0.068078 -0.997680 0.054037 0.057726 -0.015951 0.260814 0.582573 -0.258457 -0.213277 -6.446750
1.14 -2.838121 -52.060484 -0.068905 -0.997623 0.018204 0.059856 -0.016681 0.012606 0.613666 -0.267658 -0.091158 -4.423842
1.14 -2.988931 -54.255309 -0.068195 -0.997672 -0.017744 0.061994 -0.016055 -0.229295 0.630698 -0.261697 0.002888 -2.503297
1.14 -3.136953 -56.450323 -0.066370 -0.997795 -0.051238 0.063962 -0.014446 -0.451044 0.657405 -0.239461 0.055197 -0.923596
1.14 -3.280393 -58.645640 -0.064030 -0.997948 -0.080701 0.065663 -0.012382 -0.701632 0.573012 -0.199582 0.126883 0.224609
1.14 -3.418308 -60.841311 -0.061347 -0.998117 -0.105300 0.067051 -0.010016 -1.433807 0.966800 -0.511846 0.000000 0.000000
1.14 -4.905750 5.169653 -0.045773 -0.998952 0.077428 -0.070654 0.003701 0.891475 -0.618616 -0.303182 -0.183017 0.288325
1.14 -5.010404 2.972147 -0.049367 -0.998781 0.082077 -0.070890 0.000532 0.553184 -0.341052 -0.161153 0.072114 -0.388386
1.14 -5.125078 0.775146 -0.054882 -0.998493 0.077907 -0.070673 -0.004326 0.542187 -0.417772 -0.231640 0.167872 -1.667119
1.14 -5.250697 -1.421259 -0.059316 -0.998239 0.064110 -0.069924 -0.008231 0.501523 -0.476118 -0.260806 0.080190 -3.412180
1.14 -5.383457 -3.617249 -0.061375 -0.998115 0.044034 -0.068800 -0.010042 0.378362 -0.561575 -0.241548 -0.165188 -5.397802
1.14 -5.518766 -5.813084 -0.061634 -0.998099 0.021720 -0.067536 -0.010268 0.167257 -0.642371 -0.167268 -0.531434 -7.402041
1.14 -5.655134 -8.008853 -0.062338 -0.998055 -0.001522 -0.066208 -0.010886 -0.415441 -0.946284 -0.136115 -0.658713 -8.965640
1.14 -5.795491 -10.204369 -0.065259 -0.997868 -0.028263 -0.064655 -0.013457 -1.204944 -0.467046 -0.231147 -0.267692 -10.646213
1.14 -5.941058 -12.399547 -0.067074 -0.997748 -0.059574 -0.062805 -0.015055 -0.866956 -0.231883 -0.352065 -0.349384 -12.006790
1.14 -6.085731 -14.594783 -0.064446 -0.997921 -0.090096 -0.061016 -0.012740 -0.812173 -0.366417 -0.306370 -0.501847 -12.536316
1.14 -6.220820 -16.790621 -0.058362 -0.998295 -0.112190 -0.059763 -0.007380 -0.849455 -0.367341 -0.212431 -0.564295 -12.289246
1.14 -6.340918 -18.987325 -0.050818 -0.998708 -0.121100 -0.059280 -0.000734 -0.838005 -0.381445 -0.118965 -0.542731 -11.239878
1.14 -6.444566 -21.184867 -0.043408 -0.999057 -0.115541 -0.059540 0.005792 -0.748948 -0.389959 -0.034750 -0.475898 -9.448306
1.14 -6.533178 -23.383071 -0.037149 -0.999310 -0.096759 -0.060388 0.011302 -0.588266 -0.398531 0.033988 -0.393882 -7.031999
1.14 -6.609914 -25.581726 -0.032612 -0.999468 -0.067532 -0.061637 0.015295 -0.375057 -0.407595 0.083585 -0.308928 -4.161824
1.14 -6.678861 -27.780644 -0.030067 -0.999548 -0.031456 -0.063118 0.017533 -0.132922 -0.419295 0.112213 -0.218704 -1.046080
1.14 -6.744465 -29.979665 -0.029573 -0.999563 0.007558 -0.064690 0.017967 0.114449 -0.435802 0.119519 -0.113796 2.087790
1.14 -6.811115 -32.178655 -0.031019 -0.999519 0.045649 -0.066233 0.016692 0.345485 -0.458750 0.106543 0.014601 5.013206
1.14 -6.882813 -34.377484 -0.034162 -0.999416 0.079296 -0.067632 0.013924 0.541987 -0.488582 0.075667 0.168668 7.524054
1.14 -6.962904 -36.576020 -0.038648 -0.999253 0.105559 -0.068770 0.009973 0.689791 -0.524178 0.030516 0.340761 9.452137
1.14 -7.053866 -38.774131 -0.044044 -0.999030 0.122259 -0.069531 0.005222 0.778998 -0.562841 -0.024242 0.513646 10.681026
1.14 -7.157158 -40.971695 -0.049859 -0.998756 0.128112 -0.069807 0.000102 0.803969 -0.600649 -0.083214 0.664033 11.155328
1.14 -7.273143 -43.168626 -0.055582 -0.998454 0.122802 -0.069524 -0.004938 0.763282 -0.633116 -0.140747 0.768350 10.884820
1.14 -7.401069 -45.364897 -0.060715 -0.998155 0.106990 -0.068657 -0.009460 0.659801 -0.656063 -0.191456 0.808944 9.943343
1.14 -7.539151 -47.560554 -0.064813 -0.997897 0.082246 -0.067251 -0.013071 0.500877 -0.666476 -0.230767 0.778662 8.462593
1.14 -7.684727 -49.755731 -0.067529 -0.997717 0.050910 -0.065421 -0.015464 0.298453 -0.663084 -0.255406 0.682357 6.621184
1.14 -7.834546 -51.950623 -0.068670 -0.997639 0.015843 -0.063342 -0.016470 0.068394 -0.647729 -0.263821 0.535267 4.630881
1.14 -7.985180 -54.145460 -0.068271 -0.997667 -0.019942 -0.061216 -0.016118 -0.171308 -0.618603 -0.256271 0.359662 2.713389
1.14 -8.133611 -56.340446 -0.066666 -0.997775 -0.053788 -0.059222 -0.014704 -0.408027 -0.602913 -0.230687 0.186865 1.108935
1.14 -8.277833 -58.535713 -0.064446 -0.997921 -0.083934 -0.057477 -0.012748 -0.677375 -0.467451 -0.186391 0.102230 -0.103856
1.14 -8.416717 -60.731323 -0.061812 -0.998088 -0.109385 -0.056035 -0.010427 -1.508623 -0.756338 -0.499807 0.000000 0.000000
1.14 -9.955035 4.816306 -0.999670 0.025695 0.039567 -0.161628 -0.031413 -0.002801 -2.043552 -0.940062 1.333221 -0.829982
1.14 -12.154295 4.873331 -0.999658 0.026146 0.040120 -0.092092 -0.031809 0.383909 -0.503320 -0.389824 3.557519 -0.392582
1.14 -14.353678 4.925140 -0.999780 0.020954 0.040564 -0.027147 -0.027239 0.435879 0.079962 -0.354764 5.717109 -0.257227
1.14 -16.553317 4.964413 -0.999891 0.014748 0.040782 0.026765 -0.021777 0.438787 0.428456 -0.302626 7.627870 -0.197623
1.14 -18.753156 4.990176 -0.999962 0.008673 0.040824 0.068790 -0.016431 0.409760 0.664546 -0.246771 9.109390 -0.143231
1.14 -20.953110 5.002814 -0.999996 0.002816 0.040765 0.099266 -0.011277 0.362593 0.816620 -0.196661 10.008554 -0.076555
1.14 -23.153101 5.002673 -0.999996 -0.002944 0.040673 0.118500 -0.006210 0.299216 0.886498 -0.152015 10.226564 0.000666
1.14 -25.353055 4.989886 -0.999962 -0.008682 0.040613 0.126608 -0.001161 0.233879 0.867944 -0.107649 9.716434 0.083625
1.14 -27.552900 4.964549 -0.999897 -0.014351 0.040649 0.123675 0.003827 0.186123 0.767365 -0.057529 8.481725 0.162109
1.14 -29.752572 4.927050 -0.999805 -0.019739 0.040837 0.110041 0.008569 0.165610 0.604166 -0.000825 6.584457 0.218576
1.14 -31.952028 4.878403 -0.999700 -0.024486 0.041216 0.086597 0.012748 0.170469 0.398639 0.057036 4.148811 0.236501
1.14 -34.151262 4.820490 -0.999603 -0.028162 0.041791 0.054997 0.015984 0.194440 0.167027 0.108061 1.352335 0.210008
1.14 -36.350318 4.756110 -0.999539 -0.030365 0.042524 0.017705 0.017924 0.230984 -0.076084 0.145140 -1.591253 0.146960
1.14 -38.549289 4.688830 -0.999526 -0.030799 0.043335 -0.022140 0.018305 0.274237 -0.314775 0.163492 -4.452948 0.065420
1.14 -40.748294 4.622692 -0.999570 -0.029327 0.044118 -0.060981 0.017008 0.319047 -0.530860 0.160876 -7.010139 -0.013512
1.14 -42.947449 4.561820 -0.999662 -0.026011 0.044773 -0.095188 0.014089 0.361098 -0.704987 0.137435 -9.067159 -0.073184
1.14 -45.146832 4.509977 -0.999777 -0.021119 0.045228 -0.121450 0.009783 0.397200 -0.819126 0.095473 -10.473074 -0.106546
1.14 -47.346461 4.470123 -0.999886 -0.015112 0.045467 -0.137161 0.004497 0.425522 -0.859665 0.039191 -11.135260 -0.117355
1.14 -49.546294 4.444048 -0.999963 -0.008592 0.045525 -0.140746 -0.001240 0.445522 -0.820222 -0.025737 -11.027674 -0.117272
1.14 -51.746251 4.432142 -0.999998 -0.002231 0.045473 -0.131863 -0.006837 0.457532 -0.703274 -0.092793 -10.193067 -0.120235
1.14 -53.946242 4.433343 -0.999994 0.003323 0.045386 -0.111446 -0.011724 0.462123 -0.520081 -0.155349 -8.738921 -0.136485
1.14 -56.146205 4.445265 -0.999972 0.007516 0.045321 -0.081595 -0.015413 0.459532 -0.288965 -0.207337 -6.827435 -0.168563
1.14 -58.346120 4.464453 -0.999951 0.009927 0.045295 -0.045351 -0.017535 0.449360 -0.032631 -0.243651 -4.660433 -0.210538
1.14 -60.546008 4.486665 -0.999947 0.010266 0.045290 -0.006447 -0.017833 0.430606 0.224450 -0.260203 -2.460576 -0.250122
1.14 -62.745911 4.507131 -0.999965 0.008338 0.045269 0.030918 -0.016136 0.402054 0.457629 -0.253674 -0.450727 -0.271919
1.14 -64.945864 4.520705 -0.999992 0.004002 0.045204 0.062218 -0.012319 0.362703 0.641923 -0.221144 1.166589 -0.259223
1.14 -67.145851 4.521993 -0.999996 -0.002831 0.045111 0.082706 -0.006306 0.314082 0.749782 -0.160006 2.225713 -0.191364
1.14 -69.345767 4.505608 -0.999927 -0.012065 0.045082 0.087642 0.001820 0.257411 0.747203 -0.069091 2.613535 -0.033714
1.14 -71.545396 4.467059 -0.999736 -0.022980 0.045308 0.073078 0.011425 0.224969 0.591535 0.045727 2.248426 0.279652
1.14 -73.744500 4.405275 -0.999449 -0.033187 0.045999 0.038072 0.020408 0.154541 0.215384 0.164984 1.177863 0.885695
1.14 -75.943160 4.328595 -0.999333 -0.036522 0.047084 -0.010038 0.023342 0.584731 -0.605839 0.445120 0.000000 0.000000
1.14 -10.093079 9.814868 -0.999670 0.025703 -0.037879 -0.162677 -0.031413 -0.765037 -2.153836 -0.980203 -0.455178 -0.776476
1.14 -12.292329 9.872280 -0.999649 0.026490 -0.037314 -0.092811 -0.032106 -0.518608 -0.700037 -0.402776 -2.538534 -0.258682
1.14 -14.491687 9.925149 -0.999767 0.021572 -0.036847 -0.026942 -0.027779 -0.546236 -0.117260 -0.346921 -4.589139 -0.070210
1.14 -16.691301 9.965796 -0.999882 0.015379 -0.036608 0.028175 -0.022330 -0.492807 0.270492 -0.284864 -6.458307 -0.024011
1.14 -18.891125 9.992773 -0.999958 0.009146 -0.036554 0.071267 -0.016846 -0.453003 0.549174 -0.226424 -7.920327 -0.039280
1.14 -21.091074 10.006131 -0.999996 0.002997 -0.036612 0.102375 -0.011436 -0.412199 0.738558 -0.173175 -8.803393 -0.072037
1.14 -23.291064 10.005926 -0.999995 -0.003183 -0.036705 0.121552 -0.005998 -0.372436 0.847019 -0.121363 -8.988780 -0.099055
1.14 -25.491010 9.992090 -0.999956 -0.009394 -0.036761 0.128737 -0.000533 -0.332243 0.875860 -0.069284 -8.424509 -0.105788
1.14 -27.690830 9.964773 -0.999881 -0.015439 -0.036705 0.124061 0.004786 -0.291053 0.826067 -0.017662 -7.128648 -0.082215
1.14 -29.890457 9.924730 -0.999780 -0.020964 -0.036480 0.108188 0.009646 -0.249408 0.703147 0.030943 -5.186455 -0.024270
1.14 -32.089856 9.873570 -0.999674 -0.025545 -0.036052 0.082536 0.013678 -0.209235 0.519023 0.072917 -2.741577 0.063465
1.14 -34.289042 9.813804 -0.999586 -0.028788 -0.035434 0.049313 0.016531 -0.173770 0.291480 0.104414 0.017787 0.166983
1.14 -36.488077 9.748698 -0.999538 -0.030400 -0.034683 0.011392 0.017949 -0.146954 0.042047 0.122101 2.876344 0.265217
1.14 -38.687066 9.682000 -0.999543 -0.030235 -0.033887 -0.027929 0.017804 -0.132585 -0.206717 0.123723 5.611204 0.335113
1.14 -40.886122 9.617601 -0.999599 -0.028309 -0.033149 -0.065226 0.016108 -0.133392 -0.433696 0.108480 8.011614 0.357917
1.14 -43.085343 9.559189 -0.999693 -0.024793 -0.032553 -0.097258 0.013015 -0.150292 -0.620985 0.077228 9.897163 0.324663
1.14 -45.284785 9.509924 -0.999800 -0.019994 -0.032151 -0.121245 0.008794 -0.181999 -0.754833 0.032498 11.132920 0.239091
1.14 -47.484452 9.472170 -0.999897 -0.014328 -0.031946 -0.135107 0.003810 -0.225067 -0.825952 -0.021681 11.640408 0.116925
1.14 -49.684302 9.447297 -0.999966 -0.008284 -0.031903 -0.137640 -0.001505 -0.274382 -0.829469 -0.080174 11.403739 -0.018358
1.14 -51.884261 9.435556 -0.999997 -0.002389 -0.031959 -0.128621 -0.006691 -0.323962 -0.764815 -0.137315 10.470652 -0.142011
1.14 -54.084253 9.436049 -0.999996 0.002837 -0.032046 -0.108841 -0.011288 -0.367904 -0.635713 -0.187545 8.948425 -0.234713
1.14 -56.284223 9.446771 -0.999976 0.006910 -0.032117 -0.080061 -0.014873 -0.401226 -0.450291 -0.225977 6.994906 -0.287437
1.14 -58.484148 9.464719 -0.999956 0.009407 -0.032152 -0.044922 -0.017072 -0.420431 -0.221284 -0.248743 4.805163 -0.303019
1.14 -60.684044 9.486034 -0.999950 0.009971 -0.032165 -0.006817 -0.017571 -0.423703 0.033691 -0.253012 2.594606 -0.293802
1.14 -62.883952 9.506133 -0.999966 0.008301 -0.032189 0.030221 -0.016103 -0.410845 0.291576 -0.236675 0.579957 -0.275241
1.14 -65.083904 9.519809 -0.999991 0.004132 -0.032254 0.061610 -0.012435 -0.382823 0.522637 -0.197807 -1.040433 -0.255341
1.14 -67.283891 9.521353 -0.999996 -0.002728 -0.032349 0.082329 -0.006401 -0.342538 0.688295 -0.134289 -2.103652 -0.219817
1.14 -69.483805 9.504915 -0.999925 -0.012216 -0.032377 0.087228 0.001947 -0.290598 0.739248 -0.044725 -2.499605 -0.114439
1.14 -71.683419 9.465614 -0.999724 -0.023512 -0.032138 0.072014 0.011887 -0.249727 0.617347 0.066241 -2.157956 0.170020
1.14 -73.882478 9.402344 -0.999422 -0.034006 -0.031408 0.035711 0.021124 -0.160452 0.256162 0.179816 -1.131109 0.810543
1.14 -76.081072 9.323775 -0.999300 -0.037420 -0.030263 -0.014053 0.024130 -0.456199 -0.582683 0.444998 0.000000 0.000000
1.14 -8.427251 -9.772636 -0.715847 -0.698257 0.085928 -0.026194 -0.010937 2.325296 -0.139142 -0.260418 -0.513538 -0.572595
1.14 -10.003200 -11.307688 -0.716834 -0.697244 0.068068 -0.008093 -0.012178 1.030425 -0.091841 -0.002712 0.266690 0.239841
1.14 -11.580945 -12.840894 -0.717480 -0.696579 0.048634 0.011633 -0.012992 0.901848 0.233517 -0.080140 1.367055 1.242750
1.14 -13.160101 -14.372645 -0.718117 -0.695922 0.027963 0.032642 -0.013798 0.673599 0.388975 -0.123655 2.720545 2.481692
1.14 -14.740323 -15.903298 -0.718448 -0.695580 0.006353 0.054623 -0.014219 0.473757 0.572401 -0.152933 4.123720 3.775096
1.14 -16.320535 -17.433961 -0.718108 -0.695932 -0.015250 0.076599 -0.013791 0.274476 0.736866 -0.172329 5.401174 4.980423
1.14 -17.898919 -18.966509 -0.716786 -0.697293 -0.035248 0.096920 -0.012125 0.090525 0.869617 -0.176636 6.385340 5.969013
1.14 -19.473161 -20.503307 -0.714343 -0.699796 -0.051608 0.113503 -0.009051 -0.070562 0.955404 -0.161494 6.951117 6.629272
1.14 -21.040918 -22.046714 -0.710891 -0.703302 -0.062269 0.124271 -0.004725 -0.198340 0.986990 -0.127565 7.026976 6.866132
1.14 -22.600345 -23.598535 -0.706769 -0.707444 -0.065606 0.127637 0.000415 -0.282114 0.962987 -0.080513 6.591841 6.612756
1.14 -24.150468 -25.159647 -0.702434 -0.711749 -0.060760 0.122825 0.005790 -0.313496 0.887408 -0.028438 5.667142 5.843454
1.14 -25.691326 -26.729908 -0.698346 -0.715760 -0.047766 0.109961 0.010831 -0.288205 0.767480 0.020856 4.309910 4.582145
1.14 -27.223893 -28.308265 -0.694897 -0.719109 -0.027478 0.089972 0.015062 -0.207362 0.612172 0.061543 2.607484 2.903816
1.14 -28.749895 -29.892974 -0.692377 -0.721536 -0.001415 0.064390 0.018142 -0.077411 0.431767 0.090132 0.671760 0.928741
1.14 -30.271592 -31.481821 -0.690984 -0.722870 0.028436 0.035166 0.019841 0.090668 0.237748 0.104992 -1.367963 -1.189426
1.14 -31.791602 -33.072282 -0.690844 -0.723004 0.059771 0.004519 0.020011 0.282321 0.043037 0.105463 -3.373123 -3.280626
1.14 -33.312785 -34.661622 -0.692049 -0.721851 0.090075 -0.025141 0.018545 0.480448 -0.137402 0.090838 -5.204374 -5.178901
1.14 -34.838154 -36.246940 -0.694651 -0.719347 0.116697 -0.051263 0.015368 0.666625 -0.286295 0.059821 -6.730885 -6.743111
1.14 -36.370737 -37.825278 -0.698607 -0.715506 0.136973 -0.071244 0.010515 0.821742 -0.385459 0.011388 -7.841695 -7.871770
1.14 -37.913232 -39.393924 -0.703661 -0.710536 0.148529 -0.082696 0.004278 0.927240 -0.418704 -0.053108 -8.460574 -8.507098
1.14 -39.467438 -40.950962 -0.709253 -0.704954 0.149783 -0.083936 -0.002675 0.972163 -0.378367 -0.126916 -8.562507 -8.629540
1.14 -41.033672 -42.495903 -0.714596 -0.699537 0.140455 -0.074532 -0.009370 0.947645 -0.270958 -0.198972 -8.166991 -8.255143
1.14 -42.610554 -44.029980 -0.718934 -0.695079 0.121758 -0.055570 -0.014843 0.856083 -0.108770 -0.257865 -7.330065 -7.445233
1.14 -44.195316 -45.555926 -0.721759 -0.692145 0.096130 -0.029453 -0.018427 0.710287 0.087237 -0.296149 -6.142919 -6.299933
1.14 -45.784391 -47.077385 -0.722855 -0.691000 0.066707 0.000611 -0.019821 0.529743 0.292997 -0.310781 -4.732824 -4.943767
1.14 -47.373963 -48.598326 -0.722210 -0.691673 0.036848 0.031132 -0.019001 0.336144 0.485339 -0.301569 -3.255872 -3.512315
1.14 -48.960328 -50.122607 -0.719940 -0.694036 0.009810 0.058713 -0.016117 0.152103 0.643700 -0.269549 -1.883238 -2.141568
1.14 -50.540177 -51.653634 -0.716286 -0.697807 -0.011493 0.080359 -0.011496 -0.003379 0.747758 -0.216555 -0.781495 -0.955095
1.14 -52.111013 -53.193902 -0.711746 -0.702437 -0.024865 0.093877 -0.005790 -0.096877 0.798286 -0.144455 -0.113885 -0.070880
1.14 -53.672006 -54.744145 -0.707338 -0.706875 -0.029575 0.098620 -0.000286 -0.199450 0.744136 -0.059104 0.071750 0.466173
1.14 -55.225436 -56.301976 -0.704871 -0.709336 -0.027629 0.096688 0.002780 -0.216012 1.116331 -0.197030 0.000000 0.000000
1.14 -12.044801 -6.337815 -0.716015 -0.698085 0.013788 -0.114824 -0.011156 0.317014 -1.604224 -0.460221 0.290240 0.001645
1.14 -13.621303 -7.872298 -0.717169 -0.696899 -0.004579 -0.096214 -0.012614 0.133083 -0.864863 -0.178382 -0.676096 -0.796022
1.14 -15.199532 -9.405005 -0.717585 -0.696471 -0.024461 -0.076035 -0.013138 -0.133506 -0.770266 -0.182558 -1.872907 -1.909891
1.14 -16.778675 -10.936772 -0.717999 -0.696044 -0.045139 -0.055025 -0.013658 -0.326530 -0.583810 -0.180833 -3.267190 -3.249713
1.14 -18.358946 -12.467374 -0.718611 -0.695412 -0.066801 -0.032990 -0.014429 -0.579931 -0.327227 -0.209035 -4.650016 -4.707211
1.14 -19.940435 -13.996717 -0.719106 -0.694901 -0.089528 -0.009851 -0.015053 -0.676452 0.002841 -0.266611 -5.994200 -6.203544
1.14 -21.521804 -15.526185 -0.718502 -0.695524 -0.112145 0.013176 -0.014289 -0.675947 0.123259 -0.286015 -7.201333 -7.409830
1.14 -23.099836 -17.059090 -0.716073 -0.698026 -0.131829 0.033175 -0.011221 -0.757355 0.144586 -0.232921 -8.015829 -8.137221
1.14 -24.670753 -18.599279 -0.712034 -0.702145 -0.145256 0.046765 -0.006146 -0.851927 0.188584 -0.146727 -8.293079 -8.349929
1.14 -26.231840 -20.149424 -0.707136 -0.707077 -0.150040 0.051594 -0.000033 -0.905751 0.222077 -0.061183 -7.988517 -8.020377
1.14 -27.782067 -21.710429 -0.702161 -0.712018 -0.145275 0.046868 0.006135 -0.894509 0.218668 0.012151 -7.126227 -7.144971
1.14 -29.321927 -23.281666 -0.697711 -0.716379 -0.131394 0.033140 0.011616 -0.816855 0.168971 0.069435 -5.774808 -5.762916
1.14 -30.853012 -24.861459 -0.694185 -0.719797 -0.109798 0.011884 0.015936 -0.683843 0.075087 0.109488 -4.034349 -3.961678
1.14 -32.377597 -26.447533 -0.691801 -0.722088 -0.082485 -0.014897 0.018844 -0.512704 -0.055067 0.132431 -2.028192 -1.870508
1.14 -33.898281 -28.037349 -0.690639 -0.723200 -0.051744 -0.044971 0.020258 -0.322980 -0.211476 0.139445 0.104069 0.354123
1.14 -35.417728 -29.628349 -0.690676 -0.723164 -0.019914 -0.076086 0.020212 -0.134691 -0.384022 0.133021 2.214448 2.547651
1.14 -36.938509 -31.218073 -0.691852 -0.722039 0.010740 -0.106078 0.018780 0.030495 -0.562537 0.117157 4.157894 4.556992
1.14 -38.463131 -32.804111 -0.694168 -0.719813 0.038016 -0.132826 0.015954 0.146038 -0.730497 0.096830 5.809388 6.250868
1.14 -39.994283 -34.383839 -0.697788 -0.716304 0.059548 -0.154025 0.011517 0.156248 -0.854299 0.068656 7.109838 7.511771
1.14 -41.535095 -35.954137 -0.702950 -0.711239 0.072581 -0.166926 0.005156 -0.000571 -0.822235 -0.023170 8.094803 8.156041
1.14 -43.088527 -37.511940 -0.709262 -0.704945 0.074514 -0.168835 -0.002686 0.062944 -0.597582 -0.176969 8.465997 8.003221
1.14 -44.655477 -39.056149 -0.715238 -0.698881 0.064556 -0.158785 -0.010177 0.207778 -0.681330 -0.301974 8.119398 7.418557
1.14 -46.233850 -40.588693 -0.719647 -0.694341 0.044551 -0.138474 -0.015744 0.162560 -0.776504 -0.342420 7.265511 6.522998
1.14 -47.819931 -42.113268 -0.722245 -0.691637 0.017766 -0.111155 -0.019042 0.032334 -0.750483 -0.343235 6.048422 5.349196
1.14 -49.409854 -43.633841 -0.723140 -0.690702 -0.012398 -0.080314 -0.020181 -0.143703 -0.653839 -0.325034 4.613885 4.003681
1.14 -50.999974 -45.154209 -0.722424 -0.691451 -0.042735 -0.049293 -0.019270 -0.334347 -0.513435 -0.289601 3.113829 2.622872
1.14 -52.586815 -46.677995 -0.720159 -0.693810 -0.070188 -0.021279 -0.016393 -0.517675 -0.356611 -0.237202 1.703807 1.357831
1.14 -54.167142 -48.208528 -0.716503 -0.697584 -0.091911 0.000800 -0.011770 -0.666807 -0.207531 -0.169462 0.521456 0.358859
1.14 -55.738414 -49.748351 -0.711926 -0.702254 -0.105668 0.014709 -0.006018 -0.782450 -0.117043 -0.088702 -0.302681 -0.207794
1.14 -57.299788 -51.298210 -0.707505 -0.706708 -0.110718 0.019791 -0.000498 -0.763050 0.019499 -0.002482 -0.760898 -0.323495
1.14 -58.853659 -52.855602 -0.705105 -0.709103 -0.109166 0.018249 0.002485 -1.356839 -0.123903 -0.146375 0.000000 0.000000
1.14 -45.339393 -34.311446 -0.959437 -0.281923 0.111963 -0.186016 -0.024951 1.043991 -1.436156 -0.766173 0.610062 -0.294519
1.14 -47.450724 -34.929729 -0.959956 -0.280152 0.095234 -0.131864 -0.026575 0.523779 -0.379543 -0.371950 2.325179 0.422936
1.14 -49.562347 -35.547021 -0.959701 -0.281023 0.078252 -0.076840 -0.025776 0.499119 0.037759 -0.392315 4.296173 1.020505
1.14 -51.673127 -36.167186 -0.959190 -0.282763 0.062012 -0.024344 -0.024179 0.424457 0.289821 -0.385852 6.344054 1.626104
1.14 -53.782493 -36.792138 -0.958416 -0.285375 0.047018 0.023940 -0.021781 0.375965 0.499384 -0.357777 8.215224 2.215560
1.14 -55.889791 -37.424021 -0.957310 -0.289064 0.033846 0.066126 -0.018392 0.329745 0.671508 -0.314621 9.701272 2.739386
1.14 -57.994273 -38.065213 -0.955855 -0.293839 0.023155 0.100121 -0.014000 0.286281 0.802368 -0.258748 10.632856 3.139176
1.14 -60.095224 -38.717870 -0.954101 -0.299485 0.015572 0.124030 -0.008797 0.245894 0.883057 -0.193707 10.894866 3.360309
1.14 -62.192101 -39.383495 -0.952151 -0.305629 0.011577 0.136529 -0.003127 0.212138 0.906490 -0.124257 10.432958 3.359297
1.14 -64.284624 -40.062682 -0.950143 -0.311814 0.011414 0.137097 0.002593 0.189817 0.869384 -0.055840 9.255795 3.110509
1.14 -66.372844 -40.754994 -0.948238 -0.317560 0.015039 0.126122 0.007916 0.183742 0.772656 0.006061 7.432242 2.612263
1.14 -68.457163 -41.458969 -0.946598 -0.322417 0.022096 0.104887 0.012424 0.197738 0.621492 0.056642 5.083922 1.890570
1.14 -70.538327 -42.172229 -0.945370 -0.326001 0.031929 0.075488 0.015754 0.233651 0.425598 0.092345 2.374185 0.998621
1.14 -72.617370 -42.891654 -0.944670 -0.328023 0.043625 0.040666 0.017635 0.290418 0.199294 0.111083 -0.505334 0.011350
1.14 -74.695533 -43.613624 -0.944569 -0.328314 0.056094 0.003608 0.017906 0.363654 -0.039019 0.112183 -3.349706 -0.984070
1.14 -76.774146 -44.334293 -0.945080 -0.326840 0.068162 -0.032305 0.016533 0.446094 -0.268092 0.096255 -5.956644 -1.900026
1.14 -78.854504 -45.049905 -0.946154 -0.323716 0.078691 -0.063770 0.013628 0.528750 -0.465695 0.065091 -8.142592 -2.660268
1.14 -80.937724 -45.757128 -0.947683 -0.319214 0.086696 -0.087856 0.009445 0.602432 -0.611054 0.021589 -9.757967 -3.209405
1.14 -83.024631 -46.453389 -0.949506 -0.313750 0.091454 -0.102299 0.004378 0.659221 -0.687626 -0.030381 -10.700344 -3.518286
1.14 -85.115666 -47.137149 -0.951435 -0.307851 0.092575 -0.105748 -0.001083 0.693581 -0.685713 -0.086224 -10.924348 -3.584546
1.14 -87.210847 -47.808097 -0.953276 -0.302102 0.090046 -0.097928 -0.006393 0.702845 -0.604251 -0.140986 -10.447026 -3.428966
1.14 -89.309788 -48.467198 -0.954852 -0.297081 0.084207 -0.079687 -0.011024 0.687081 -0.451235 -0.189769 -9.347720 -3.089325
1.14 -91.411749 -49.116614 -0.956021 -0.293297 0.075710 -0.052928 -0.014508 0.648509 -0.242703 -0.228067 -7.761908 -2.613714
1.14 -93.515713 -49.759521 -0.956673 -0.291164 0.065453 -0.020444 -0.016469 0.590810 -0.000720 -0.251912 -5.869297 -2.054669
1.14 -95.620453 -50.399888 -0.956727 -0.290988 0.054515 0.014273 -0.016630 0.518718 0.248839 -0.257820 -3.877361 -1.464455
1.14 -97.724585 -51.042245 -0.956121 -0.292973 0.044115 0.047239 -0.014802 0.437952 0.477884 -0.242674 -2.002207 -0.890742
1.14 -99.826612 -51.691443 -0.954813 -0.297207 0.035572 0.074186 -0.010901 0.357305 0.657184 -0.203867 -0.450960 -0.371899
1.14 -101.925003 -52.352277 -0.952815 -0.303552 0.030232 0.090897 -0.005048 0.284497 0.754624 -0.140211 0.598178 0.071446
1.14 -104.018421 -53.028679 -0.950292 -0.311359 0.029271 0.093913 0.002171 0.260237 0.747202 -0.054128 0.977477 0.435864
1.14 -106.106328 -53.721909 -0.947805 -0.318851 0.033163 0.082126 0.009116 0.196634 0.582359 0.043032 0.666363 0.777229
1.14 -108.190293 -54.426944 -0.946709 -0.322090 0.040527 0.059959 0.012122 0.647060 0.523624 0.080239 0.000000 0.000000
1.14 -47.004564 -29.584599 -0.958694 -0.284441 0.006315 -0.211040 -0.022641 -0.240376 -2.199397 -0.815111 0.069682 -0.415441
1.14 -49.114457 -30.207770 -0.959391 -0.282078 -0.009147 -0.161191 -0.024808 -0.325039 -0.965769 -0.336132 -1.529990 -0.695994
1.14 -51.225057 -30.828551 -0.959336 -0.282268 -0.025228 -0.109238 -0.024634 -0.516594 -0.564292 -0.348572 -3.330083 -1.204827
1.14 -53.335214 -31.450833 -0.958989 -0.283444 -0.040920 -0.058607 -0.023556 -0.573031 -0.234865 -0.344141 -5.251396 -1.791682
1.14 -55.444299 -32.076735 -0.958361 -0.285558 -0.055666 -0.011158 -0.021616 -0.625261 0.053688 -0.326830 -7.068496 -2.356475
1.14 -57.551612 -32.708574 -0.957377 -0.288842 -0.068852 0.031068 -0.018600 -0.657509 0.306391 -0.297860 -8.578094 -2.828614
1.14 -59.656318 -33.349030 -0.955993 -0.293391 -0.079744 0.065716 -0.014417 -0.673277 0.511468 -0.255751 -9.599864 -3.152349
1.14 -61.757575 -34.000704 -0.954241 -0.299040 -0.087599 0.090496 -0.009214 -0.670386 0.654207 -0.201865 -9.999443 -3.283290
1.14 -63.854693 -34.665567 -0.952230 -0.305381 -0.091810 0.103676 -0.003362 -0.647409 0.721777 -0.140084 -9.700534 -3.188723
1.14 -65.947290 -35.344521 -0.950131 -0.311850 -0.092041 0.104460 0.002620 -0.604137 0.708164 -0.075797 -8.691073 -2.852420
1.14 -68.035394 -36.037177 -0.948145 -0.317838 -0.088317 0.093190 0.008170 -0.542489 0.616311 -0.014902 -7.022799 -2.280676
1.14 -70.119470 -36.741874 -0.946469 -0.322795 -0.081046 0.071328 0.012774 -0.466896 0.457733 0.037055 -4.805064 -1.506192
1.14 -72.200378 -37.455879 -0.945266 -0.326300 -0.070988 0.041276 0.016035 -0.383982 0.250324 0.075518 -2.194090 -0.587417
1.14 -74.279278 -38.175720 -0.944643 -0.328100 -0.059164 0.006088 0.017712 -0.301711 0.015332 0.097320 0.621105 0.397394
1.14 -76.357489 -38.897552 -0.944639 -0.328111 -0.046735 -0.030855 0.017724 -0.228247 -0.225531 0.100895 3.434924 1.360370
1.14 -78.436344 -39.617520 -0.945230 -0.326406 -0.034875 -0.066163 0.016139 -0.170805 -0.452257 0.086339 6.042351 2.216260
1.14 -80.517063 -40.332081 -0.946333 -0.323194 -0.024658 -0.096716 0.013153 -0.134733 -0.647776 0.055374 8.255870 2.894028
1.14 -82.600637 -41.038262 -0.947826 -0.318788 -0.016958 -0.119899 0.009062 -0.122939 -0.798452 0.011198 9.921004 3.345462
1.14 -84.687762 -41.733871 -0.949560 -0.313584 -0.012387 -0.133784 0.004235 -0.135726 -0.894149 -0.041791 10.929379 3.549330
1.14 -86.778792 -42.417649 -0.951376 -0.308032 -0.011255 -0.137261 -0.000906 -0.171000 -0.928209 -0.098411 11.228370 3.510842
1.14 -88.873732 -43.089354 -0.953115 -0.302608 -0.013568 -0.130114 -0.005920 -0.224766 -0.897570 -0.153194 10.826476 3.257294
1.14 -90.972255 -43.749785 -0.954633 -0.297784 -0.019037 -0.113048 -0.010372 -0.291772 -0.803079 -0.200894 9.793713 2.831561
1.14 -93.073734 -44.400761 -0.955802 -0.294012 -0.027108 -0.087662 -0.013850 -0.366087 -0.650002 -0.236889 8.256536 2.285353
1.14 -95.177276 -45.045045 -0.956510 -0.291701 -0.036996 -0.056386 -0.015978 -0.441482 -0.448683 -0.257381 6.387214 1.673926
1.14 -97.281760 -45.686255 -0.956657 -0.291217 -0.047711 -0.022403 -0.016424 -0.511524 -0.215398 -0.259357 4.388163 1.053517
1.14 -99.385849 -46.328752 -0.956152 -0.292871 -0.058078 0.010449 -0.014903 -0.569185 0.026541 -0.240409 2.472167 0.482380
1.14 -101.488026 -46.977468 -0.954918 -0.296871 -0.066758 0.037831 -0.011219 -0.607553 0.245057 -0.198662 0.841517 0.026262
1.14 -103.586664 -47.637519 -0.952935 -0.303175 -0.072321 0.055242 -0.005404 -0.614170 0.400489 -0.133501 -0.337893 -0.234776
1.14 -105.680295 -48.313258 -0.950366 -0.311134 -0.073474 0.058852 0.001955 -0.602198 0.438945 -0.047367 -0.927985 -0.191176
1.14 -107.768288 -49.006227 -0.947809 -0.318838 -0.069662 0.047304 0.009098 -0.470206 0.361751 0.047585 -0.944030 0.242482
1.14 -109.852225 -49.711343 -0.946680 -0.322176 -0.062276 0.025070 0.012200 -0.771625 0.058533 0.079021 0.000000 0.000000
1.14 -22.728190 -10.083011 -0.994797 -0.101881 0.004481 -0.073010 -0.035840 0.565420 -1.839578 -0.799341 1.131274 -0.924353
1.14 -24.916476 -10.309720 -0.994554 -0.104219 -0.004910 0.002976 -0.033767 0.364550 -0.300206 -0.267215 3.145494 0.037254
1.14 -27.103215 -10.550623 -0.993391 -0.114784 -0.012933 0.066472 -0.024415 0.311424 0.314263 -0.177971 4.782779 0.569353
1.14 -29.287117 -10.815967 -0.991975 -0.126438 -0.018455 0.108467 -0.014088 0.201694 0.639771 -0.071467 5.925319 0.890820
1.14 -31.467937 -11.105604 -0.990589 -0.136869 -0.021264 0.129093 -0.004834 0.106513 0.803073 0.025710 6.437915 1.068580
1.14 -33.645865 -11.416302 -0.989346 -0.145584 -0.021528 0.131198 0.002906 0.026938 0.850383 0.103357 6.249085 1.118641
1.14 -35.821262 -11.744311 -0.988287 -0.152606 -0.019567 0.118079 0.009150 -0.031872 0.809809 0.161807 5.351349 1.039411
1.14 -37.994561 -12.085977 -0.987439 -0.157999 -0.015765 0.092950 0.013950 -0.068997 0.698290 0.202265 3.803958 0.832653
1.14 -40.166260 -12.437695 -0.986833 -0.161745 -0.010562 0.058980 0.017288 -0.084865 0.529025 0.225207 1.726948 0.513112
1.14 -42.336924 -12.795759 -0.986499 -0.163767 -0.004456 0.019428 0.019093 -0.081491 0.315679 0.230481 -0.709844 0.110736
1.14 -44.507182 -13.156290 -0.986462 -0.163989 0.002001 -0.022297 0.019293 -0.062582 0.074152 0.217893 -3.301828 -0.332079
1.14 -46.677689 -13.515309 -0.986726 -0.162392 0.008233 -0.062695 0.017872 -0.032867 -0.177099 0.188001 -5.828004 -0.766603
1.14 -48.849080 -13.868931 -0.987265 -0.159082 0.013682 -0.098348 0.014923 0.003070 -0.417471 0.142898 -8.071346 -1.145740
1.14 -51.021896 -14.213665 -0.988022 -0.154313 0.017875 -0.126186 0.010676 0.041783 -0.625105 0.086561 -9.839256 -1.432075
1.14 -53.196524 -14.546757 -0.988913 -0.148498 0.020473 -0.143784 0.005501 0.080936 -0.778747 0.024439 -10.981467 -1.603773
1.14 -55.373155 -14.866491 -0.989842 -0.142169 0.021311 -0.149632 -0.000127 0.118489 -0.860929 -0.037584 -11.403281 -1.656331
1.14 -57.551775 -15.172380 -0.990721 -0.135912 0.020403 -0.143302 -0.005685 0.152131 -0.861522 -0.094201 -11.073446 -1.599710
1.14 -59.732190 -15.465209 -0.991475 -0.130296 0.017922 -0.125483 -0.010669 0.179337 -0.779994 -0.141260 -10.026636 -1.452564
1.14 -61.914074 -15.746914 -0.992056 -0.125800 0.014155 -0.097877 -0.014657 0.197698 -0.625411 -0.175874 -8.360483 -1.236294
1.14 -64.097013 -16.020345 -0.992435 -0.122774 0.009467 -0.062992 -0.017338 0.205176 -0.414457 -0.196323 -6.227133 -0.971117
1.14 -66.280552 -16.288962 -0.992601 -0.121423 0.004258 -0.023870 -0.018535 0.200249 -0.168447 -0.201864 -3.819763 -0.674985
1.14 -68.464221 -16.556526 -0.992553 -0.121817 -0.001060 0.016179 -0.018186 0.182036 0.089698 -0.192514 -1.355115 -0.364827
1.14 -70.647550 -16.826844 -0.992291 -0.123927 -0.006074 0.053807 -0.016316 0.150418 0.337797 -0.168785 0.946324 -0.058720
1.14 -72.830068 -17.103603 -0.991816 -0.127672 -0.010374 0.085772 -0.012997 0.106114 0.555654 -0.131336 2.880626 0.222708
1.14 -75.011297 -17.390319 -0.991119 -0.132978 -0.013538 0.108980 -0.008292 0.050867 0.724963 -0.080512 4.279075 0.457256
1.14 -77.190721 -17.690405 -0.990176 -0.139828 -0.015118 0.120427 -0.002212 -0.012285 0.827518 -0.015839 5.023198 0.626014
1.14 -79.367754 -18.007329 -0.988945 -0.148284 -0.014597 0.117065 0.005302 -0.077322 0.841362 0.064252 5.053208 0.724035
1.14 -81.541712 -18.344645 -0.987380 -0.158368 -0.011376 0.095763 0.014277 -0.133032 0.734630 0.161221 4.368049 0.779616
1.14 -83.711896 -18.705401 -0.985514 -0.169592 -0.004842 0.053841 0.024286 -0.153519 0.460020 0.267990 3.008737 0.882853
1.14 -85.878052 -19.089639 -0.983719 -0.179716 0.005229 -0.008741 0.033334 -0.089820 -0.090511 0.363544 1.025101 1.263317
1.14 -88.041790 -19.487423 -0.983316 -0.181906 0.017421 -0.083247 0.035298 0.294078 -1.455551 0.840204 0.000000 0.000000
1.14 -23.452136 -5.137646 -0.994797 -0.101877 -0.006400 -0.076307 -0.035850 -0.059410 -1.940422 -0.883712 -0.820857 -1.139769
1.14 -25.640477 -5.363836 -0.994603 -0.103750 -0.015847 0.000156 -0.034193 -0.278239 -0.442465 -0.319454 -3.011504 -0.679373
1.14 -27.827354 -5.603499 -0.993466 -0.114125 -0.023997 0.064766 -0.025009 -0.369060 0.206206 -0.199237 -4.742898 -0.605963
1.14 -30.011388 -5.867729 -0.992020 -0.126084 -0.029641 0.107759 -0.014410 -0.376988 0.600276 -0.074694 -5.917585 -0.680506
1.14 -32.192238 -6.157121 -0.990571 -0.136999 -0.032477 0.128615 -0.004723 -0.354775 0.817300 0.030064 -6.428316 -0.759144
1.14 -34.370063 -6.468530 -0.989270 -0.146100 -0.032651 0.130096 0.003367 -0.308178 0.895238 0.108908 -6.221103 -0.755496
1.14 -36.545257 -6.797870 -0.988180 -0.153300 -0.030510 0.115797 0.009775 -0.244136 0.864924 0.165080 -5.301990 -0.632086
1.14 -38.718324 -7.141010 -0.987336 -0.158645 -0.026501 0.089354 0.014537 -0.168394 0.750090 0.201612 -3.739508 -0.387776
1.14 -40.889837 -7.493881 -0.986767 -0.162147 -0.021130 0.054346 0.017660 -0.087296 0.571083 0.220134 -1.659166 -0.046704
1.14 -43.060424 -7.852415 -0.986495 -0.163792 -0.014952 0.014355 0.019129 -0.008076 0.347994 0.221438 0.767921 0.350566
1.14 -45.230748 -8.212544 -0.986527 -0.163598 -0.008551 -0.027041 0.018956 0.061827 0.101687 0.206284 3.340343 0.755132
1.14 -47.401459 -8.570332 -0.986846 -0.161663 -0.002495 -0.066375 0.017230 0.115692 -0.146851 0.176005 5.844081 1.118023
1.14 -49.573138 -8.922174 -0.987408 -0.158193 0.002703 -0.100475 0.014135 0.148608 -0.377807 0.132858 8.070813 1.398154
1.14 -51.746251 -9.265034 -0.988149 -0.153497 0.006636 -0.126668 0.009948 0.158229 -0.573736 0.080134 9.835430 1.568488
1.14 -53.921107 -9.596644 -0.988992 -0.147967 0.009035 -0.142959 0.005023 0.144998 -0.720357 0.022032 10.991575 1.618971
1.14 -56.097844 -9.915662 -0.989860 -0.142049 0.009780 -0.148168 -0.000243 0.111846 -0.807018 -0.036678 11.444156 1.555706
1.14 -58.276437 -10.221749 -0.990680 -0.136211 0.008895 -0.141996 -0.005431 0.063521 -0.827017 -0.091176 11.157900 1.396954
1.14 -60.456720 -10.515574 -0.991395 -0.130903 0.006529 -0.125035 -0.010145 0.005799 -0.777939 -0.137145 10.161109 1.167473
1.14 -62.638414 -10.798746 -0.991963 -0.126526 0.002927 -0.098701 -0.014026 -0.055244 -0.662044 -0.171264 8.544022 0.892950
1.14 -64.821165 -11.073679 -0.992355 -0.123413 -0.001597 -0.065119 -0.016784 -0.113786 -0.486651 -0.191492 6.451591 0.596008
1.14 -67.004565 -11.343419 -0.992554 -0.121805 -0.006687 -0.026969 -0.018207 -0.164658 -0.264303 -0.197097 4.071095 0.294532
1.14 -69.188178 -11.611442 -0.992548 -0.121853 -0.011957 0.012690 -0.018162 -0.203652 -0.012472 -0.188405 1.615640 0.002193
1.14 -71.371543 -11.881462 -0.992330 -0.123620 -0.017004 0.050590 -0.016593 -0.227758 0.247400 -0.166311 -0.694899 -0.269611
1.14 -73.554183 -12.157268 -0.991888 -0.127112 -0.021410 0.083397 -0.013495 -0.235175 0.491373 -0.131679 -2.653790 -0.509238
1.14 -75.735588 -12.442645 -0.991207 -0.132321 -0.024729 0.107781 -0.008873 -0.224971 0.694191 -0.084715 -4.086631 -0.701705
1.14 -77.915194 -12.741400 -0.990254 -0.139275 -0.026466 0.120393 -0.002698 -0.195989 0.828898 -0.024365 -4.868756 -0.823613
1.14 -80.092353 -13.057447 -0.988981 -0.148040 -0.026053 0.117790 0.005094 -0.146452 0.863834 0.052044 -4.938610 -0.833725
1.14 -82.266317 -13.394708 -0.987349 -0.158561 -0.022834 0.096521 0.014460 -0.071742 0.758689 0.147690 -4.307441 -0.659108
1.14 -84.436364 -13.756270 -0.985421 -0.170132 -0.016176 0.053870 0.024780 0.023056 0.461725 0.257841 -3.048978 -0.179347
1.14 -86.602311 -14.141688 -0.983621 -0.180248 -0.005919 -0.009768 0.033819 0.159723 -0.117049 0.362021 -1.316422 0.815854
1.14 -88.765878 -14.540402 -0.983258 -0.182220 0.006424 -0.085103 0.035582 0.190412 -1.555841 0.857075 0.000000 0.000000

