1.14 4.777481 -0.002727 -0.098508 0.995136 -0.195759 -0.002426 0.086801 -3.693238 -1.356087 0.468001 2.643792 0.927712
1.14 4.579961 2.188303 -0.081056 0.996710 -0.369546 -0.010249 0.071388 -6.224704 -0.561200 0.501292 0.650965 2.544448
1.14 4.446935 4.383809 -0.039877 0.999205 -0.486561 -0.014287 0.035093 -7.784130 -0.422417 0.212347 -0.295682 3.147836
1.14 4.407844 6.582923 0.004340 0.999991 -0.520960 -0.015000 -0.003819 -8.133812 -0.100246 -0.058235 -0.686084 2.566596
1.14 4.458020 8.781976 0.041274 0.999148 -0.476816 -0.015866 -0.036322 -7.409327 0.152072 -0.248962 -0.881685 0.916235
1.14 4.576964 10.978577 0.066857 0.997763 -0.372172 -0.018846 -0.058862 -5.866252 0.317351 -0.348641 -1.048088 -1.628296
1.14 4.739089 13.172543 0.080529 0.996752 -0.229540 -0.024152 -0.070924 -3.773188 0.371582 -0.367390 -1.205904 -4.810933
1.14 4.919624 15.365121 0.083593 0.996500 -0.070711 -0.030684 -0.073628 -1.379846 0.337169 -0.327892 -1.307911 -8.332572
1.14 5.097629 17.557900 0.078230 0.996935 0.085892 -0.037036 -0.068894 1.088363 0.244004 -0.258789 -1.302741 -11.863824
1.14 5.257242 19.752066 0.066872 0.997762 0.226313 -0.042168 -0.058875 3.426450 0.118940 -0.187804 -1.168110 -15.062951
1.14 5.387718 21.948130 0.051742 0.998660 0.341100 -0.045631 -0.045540 5.448643 -0.019330 -0.134774 -0.915350 -17.602024
1.14 5.482648 24.146000 0.034558 0.999403 0.424616 -0.047506 -0.030408 6.994699 -0.159748 -0.107563 -0.578206 -19.200831
1.14 5.538727 26.345194 0.016424 0.999865 0.473952 -0.048216 -0.014449 7.941410 -0.296703 -0.102361 -0.199798 -19.661969
1.14 5.554515 28.545044 -0.002071 0.999998 0.487841 -0.048349 0.001822 8.213461 -0.428383 -0.107283 0.175220 -18.898157
1.14 5.529556 30.744808 -0.020618 0.999787 0.465885 -0.048558 0.018139 7.789547 -0.555456 -0.106951 0.503706 -16.944903
1.14 5.464113 32.943742 -0.038876 0.999244 0.408311 -0.049495 0.034209 6.703380 -0.679405 -0.086826 0.745924 -13.955515
1.14 5.359575 35.141175 -0.056158 0.998422 0.316342 -0.051753 0.049432 5.040604 -0.800558 -0.037532 0.869722 -10.179498
1.14 5.219478 37.336647 -0.071203 0.997462 0.193089 -0.055736 0.062695 2.931831 -0.915950 0.040642 0.858930 -5.929144
1.14 5.050818 39.530139 -0.082124 0.996622 0.044708 -0.061460 0.072330 0.542598 -1.016765 0.134621 0.724201 -1.542457
1.14 4.865180 41.722287 -0.086638 0.996240 -0.118610 -0.068367 0.076316 -1.936942 -1.086058 0.219677 0.509081 2.648947
1.14 4.679015 43.914392 -0.082602 0.996583 -0.282391 -0.075313 0.072753 -4.300099 -1.099732 0.266351 0.281808 6.342386
1.14 4.512517 46.108029 -0.068760 0.997633 -0.428871 -0.080911 0.060539 -6.331856 -1.034388 0.251278 0.109915 9.279551
1.14 4.386852 48.304288 -0.045481 0.998965 -0.539426 -0.084202 0.040025 -7.824371 -0.881571 0.166998 0.028049 11.261593
1.14 4.320152 50.503023 -0.015156 0.999885 -0.598107 -0.085315 0.013334 -8.604873 -0.660810 0.025848 0.018911 12.167874
1.14 4.323361 52.702717 0.018073 0.999837 -0.595284 -0.085587 -0.015900 -8.570770 -0.420976 -0.143998 0.022478 11.975004
1.14 4.397436 54.901202 0.049268 0.998786 -0.530115 -0.086921 -0.043361 -7.716976 -0.225684 -0.308550 -0.028679 10.768122
1.14 4.533005 57.096852 0.073977 0.997260 -0.410845 -0.090734 -0.065141 -6.142248 -0.128257 -0.440206 -0.166082 8.737249
1.14 4.712547 59.289449 0.089243 0.996010 -0.252893 -0.097294 -0.078615 -4.036094 -0.161216 -0.526785 -0.351077 6.168912
1.14 4.914240 61.480177 0.094115 0.995561 -0.075444 -0.105365 -0.082921 -1.657205 -0.333992 -0.564590 -0.454960 3.428158
1.14 5.116687 63.670838 0.089928 0.995948 0.102651 -0.113688 -0.079221 0.836868 -0.514205 -0.569283 -0.403017 0.796176
1.14 5.303925 65.862829 0.080289 0.996772 0.267389 -0.120649 -0.070708 4.707776 -1.339961 -1.907008 0.000000 0.000000
1.14 10.293972 0.058192 0.014134 0.999900 0.258627 0.051193 -0.012435 5.748229 -0.592086 1.049295 -0.143904 -1.497136
1.14 10.316032 2.258063 0.005921 0.999982 0.278036 0.051080 -0.005209 5.618349 -0.240372 0.191958 0.047453 -2.552522
1.14 10.317950 4.458034 -0.004177 0.999991 0.279721 0.051056 0.003675 6.015482 0.037306 0.140269 0.162947 -2.820903
1.14 10.298160 6.657919 -0.013814 0.999905 0.262310 0.050952 0.012153 5.940235 0.375207 0.061588 0.184125 -2.377036
1.14 10.259010 8.857553 -0.021777 0.999763 0.227868 0.050635 0.019160 5.350528 0.687075 -0.031805 0.149587 -1.233414
1.14 10.204726 11.056874 -0.027573 0.999620 0.180110 0.050036 0.024261 4.305614 0.949173 -0.125288 0.073458 0.575728
1.14 10.140364 13.255930 -0.030938 0.999521 0.123487 0.049206 0.027223 2.886705 1.141235 -0.211133 -0.037248 2.967862
1.14 10.071432 15.454849 -0.031727 0.999497 0.062843 0.048257 0.027917 1.199316 1.250841 -0.281735 -0.165251 5.786710
1.14 10.003544 17.653801 -0.029989 0.999550 0.003118 0.047335 0.026387 -0.622874 1.272509 -0.328652 -0.279050 8.791679
1.14 9.941929 19.852933 -0.026025 0.999661 -0.051089 0.046572 0.022898 -2.420883 1.208052 -0.344055 -0.342707 11.668836
1.14 9.890912 22.052333 -0.020354 0.999793 -0.095972 0.046043 0.017908 -4.023415 1.066836 -0.323523 -0.331756 14.066295
1.14 9.853577 24.252004 -0.013587 0.999908 -0.128818 0.045753 0.011954 -5.268408 0.864469 -0.268309 -0.245220 15.649395
1.14 9.831723 26.451880 -0.006280 0.999980 -0.148044 0.045643 0.005525 -6.026598 0.620155 -0.185721 -0.107469 16.162708
1.14 9.826080 28.651858 0.001149 0.999999 -0.153009 0.045622 -0.001011 -6.219608 0.354251 -0.087718 0.039795 15.481791
1.14 9.836577 30.851818 0.008393 0.999965 -0.143774 0.045587 -0.007384 -5.829078 0.087412 0.011339 0.151014 13.639873
1.14 9.862473 33.051653 0.015149 0.999885 -0.120992 0.045441 -0.013328 -4.897905 -0.158964 0.097082 0.191231 10.821890
1.14 9.902252 35.251284 0.021014 0.999779 -0.085996 0.045117 -0.018489 -3.525085 -0.362744 0.157629 0.147956 7.327530
1.14 9.953377 37.450685 0.025464 0.999676 -0.041018 0.044590 -0.022405 -1.853507 -0.503067 0.186062 0.036589 3.513674
1.14 10.012104 39.649899 0.027924 0.999610 0.010648 0.043899 -0.024570 -0.050507 -0.564035 0.182063 -0.103948 -0.267404
1.14 10.073530 41.849041 0.027918 0.999610 0.064689 0.043145 -0.024565 1.715003 -0.538091 0.151582 -0.224845 -3.717394
1.14 10.131963 44.048263 0.025203 0.999682 0.116096 0.042461 -0.022175 3.292175 -0.427241 0.104245 -0.284536 -6.618085
1.14 10.181539 46.247697 0.019867 0.999803 0.159712 0.041962 -0.017480 4.559760 -0.242006 0.049652 -0.261513 -8.833102
1.14 10.216993 48.447396 0.012364 0.999924 0.190904 0.041697 -0.010878 5.429330 0.000624 -0.005650 -0.157889 -10.292494
1.14 10.234447 50.647305 0.003503 0.999994 0.206259 0.041616 -0.003082 5.843766 0.279091 -0.059455 0.005813 -10.971207
1.14 10.232211 52.847281 -0.005537 0.999985 0.204292 0.041598 0.004871 5.775983 0.568889 -0.113667 0.199517 -10.871511
1.14 10.211662 55.047169 -0.013144 0.999914 0.186213 0.041500 0.011564 5.233184 0.843950 -0.173487 0.387495 -10.015659
1.14 10.178322 57.246912 -0.017165 0.999853 0.156882 0.041250 0.015102 4.272599 1.073589 -0.246771 0.514400 -8.447039
1.14 10.142926 59.446626 -0.015013 0.999887 0.125741 0.041070 0.013210 3.032537 1.238176 -0.341806 0.457141 -6.257846
1.14 10.121170 61.646490 -0.004764 0.999989 0.106604 0.040818 0.004191 1.771878 1.302760 -0.451514 -0.066108 -3.594795
1.14 10.128295 63.846408 0.011242 0.999937 0.112868 0.040909 -0.009890 0.945698 1.099874 -0.526249 -1.661350 -0.533938
1.14 10.160541 66.046158 0.018073 0.999837 0.141241 0.040562 -0.015900 1.521796 0.965113 -0.831517 0.000000 0.000000

2.27 4.543678 0.086977 -0.167900 0.985804 -0.210665 0.119573 0.049020 -4.011750 0.473584 -0.099183 3.723724 -0.579664
2.27 4.204678 2.260484 -0.140282 0.990112 -0.310460 0.100421 0.042963 -4.822115 -0.092653 0.282826 1.620591 0.616691
2.27 3.968712 4.446572 -0.074232 0.997241 -0.387789 0.089899 0.027856 -5.813336 0.149254 0.205085 0.009307 0.767655
2.27 3.891387 6.643529 0.003937 0.999992 -0.421078 0.087537 0.002433 -6.247882 0.438944 0.007222 -1.080539 -0.158471
2.27 3.976947 8.840517 0.073844 0.997270 -0.396446 0.085153 -0.024890 -5.923897 0.722941 -0.195881 -1.832676 -2.135040
2.27 4.194594 11.029022 0.124017 0.992280 -0.318508 0.075997 -0.046353 -4.892459 0.850981 -0.324854 -2.401080 -4.969184
2.27 4.497208 13.207902 0.151088 0.988520 -0.204426 0.058744 -0.058301 -3.350862 0.792716 -0.355229 -2.806652 -8.391620
2.27 4.836035 15.381644 0.156937 0.987609 -0.074951 0.037147 -0.060705 -1.514185 0.615034 -0.302154 -2.982877 -12.124275
2.27 5.169288 17.556223 0.146021 0.989282 0.051620 0.016306 -0.055599 0.434946 0.400041 -0.201985 -2.868970 -15.881603
2.27 5.465890 19.735996 0.123617 0.992330 0.162186 -0.000121 -0.045798 2.340658 0.203545 -0.098488 -2.471211 -19.355148
2.27 5.706000 21.922619 0.094665 0.995509 0.249470 -0.010848 -0.034029 4.053805 0.045769 -0.029272 -1.863362 -22.215388
2.27 5.879369 24.115498 0.062943 0.998017 0.311224 -0.016497 -0.022300 5.426414 -0.074930 -0.013194 -1.143376 -24.147282
2.27 5.982287 26.312801 0.030619 0.999531 0.348366 -0.018639 -0.011513 6.328115 -0.166325 -0.045327 -0.389104 -24.907937
2.27 6.014152 28.512284 -0.001651 0.999999 0.362637 -0.019058 -0.001466 6.671408 -0.236902 -0.102442 0.354425 -24.379867
2.27 5.974834 30.711643 -0.034093 0.999419 0.354667 -0.019488 0.008718 6.427094 -0.297681 -0.153587 1.056640 -22.598179
2.27 5.863749 32.908540 -0.066893 0.997760 0.323224 -0.021709 0.019920 5.625536 -0.363510 -0.169688 1.673877 -19.743453
2.27 5.680970 35.100642 -0.099270 0.995061 0.265957 -0.027613 0.032352 4.349008 -0.452427 -0.131903 2.135688 -16.101950
2.27 5.430010 37.286036 -0.128876 0.991661 0.181284 -0.038921 0.045153 2.715959 -0.582942 -0.039500 2.360241 -12.004879
2.27 5.121275 39.464116 -0.151792 0.988412 0.070625 -0.056397 0.056426 0.859822 -0.764369 0.086878 2.295820 -7.771055
2.27 4.774798 41.636625 -0.163187 0.986595 -0.059967 -0.078861 0.063682 -1.085890 -0.979748 0.211367 1.961831 -3.678991
2.27 4.420984 43.807981 -0.158462 0.987365 -0.199314 -0.102768 0.064491 -2.986588 -1.174486 0.295743 1.456450 0.025289
2.27 4.098556 45.984064 -0.134653 0.990893 -0.331845 -0.123133 0.057155 -4.693617 -1.268728 0.311418 0.917644 3.106441
2.27 3.849403 48.169397 -0.091850 0.995773 -0.439528 -0.135904 0.041327 -6.036160 -1.198747 0.246798 0.455144 5.339125
2.27 3.710711 50.364102 -0.034234 0.999414 -0.505193 -0.140670 0.018519 -6.839547 -0.967954 0.110748 0.096334 6.548946
2.27 3.706104 52.562961 0.030046 0.999549 -0.516920 -0.141645 -0.007854 -6.976299 -0.667338 -0.068248 -0.209867 6.677434
2.27 3.839020 54.757921 0.090787 0.995870 -0.471854 -0.145618 -0.033245 -6.421606 -0.436623 -0.249590 -0.525087 5.823583
2.27 4.091558 56.942732 0.138793 0.990321 -0.377127 -0.157975 -0.053469 -5.267524 -0.387862 -0.394444 -0.838483 4.229926
2.27 4.429625 59.116350 0.168540 0.985695 -0.246923 -0.179871 -0.066243 -3.679235 -0.554669 -0.481756 -1.037562 2.232627
2.27 4.812356 61.282769 0.179398 0.983777 -0.096710 -0.207739 -0.072188 -1.827041 -0.942006 -0.516615 -0.962536 0.255079
2.27 5.202909 63.447821 0.175651 0.984453 0.062435 -0.237511 -0.074562 0.362988 -1.190116 -0.556194 -0.720333 -1.570060
2.27 5.577605 65.615645 0.164982 0.986297 0.227478 -0.265856 -0.077289 4.074406 -3.344486 -2.057663 0.000000 0.000000
2.27 10.578021 0.119870 0.017792 0.999842 0.245535 0.055795 0.001387 5.395819 -0.539583 1.241615 -0.245135 -1.190377
2.27 10.605814 2.319665 0.007474 0.999972 0.243388 0.055750 0.000553 4.499144 -0.176216 0.208452 -0.159833 -2.284900
2.27 10.606134 4.519606 -0.007183 0.999974 0.240438 0.055740 0.002132 4.602181 -0.011936 0.135941 0.097329 -2.622446
2.27 10.572355 6.719273 -0.023526 0.999723 0.230688 0.055472 0.006746 4.588517 0.210827 0.096625 0.278788 -2.284711
2.27 10.504075 8.918151 -0.038546 0.999257 0.209466 0.054659 0.012560 4.279962 0.429712 0.056910 0.341393 -1.281482
2.27 10.406369 11.115942 -0.050278 0.998735 0.176041 0.052934 0.017853 3.636969 0.625953 0.005615 0.288385 0.387665
2.27 10.287711 13.312725 -0.057593 0.998340 0.132700 0.050347 0.021598 2.668783 0.781427 -0.059307 0.135093 2.703146
2.27 10.158447 15.508923 -0.059920 0.998203 0.083404 0.047231 0.023286 1.419129 0.882467 -0.131037 -0.087110 5.582388
2.27 10.029621 17.705146 -0.057195 0.998363 0.032851 0.044092 0.022744 -0.033766 0.921093 -0.197146 -0.320559 8.837097
2.27 9.911794 19.901974 -0.049921 0.998753 -0.014223 0.041432 0.020109 -1.570368 0.894539 -0.242455 -0.488540 12.152391
2.27 9.813831 22.099759 -0.039136 0.999234 -0.053732 0.039566 0.015845 -3.030340 0.805970 -0.253838 -0.524205 15.108343
2.27 9.741995 24.298540 -0.026169 0.999658 -0.082838 0.038536 0.010631 -4.232719 0.666036 -0.225762 -0.404943 17.250634
2.27 9.699727 26.498081 -0.012257 0.999925 -0.100166 0.038146 0.005127 -5.014638 0.490775 -0.162668 -0.168455 18.194644
2.27 9.688142 28.697996 0.001726 0.999999 -0.105525 0.038073 -0.000255 -5.270390 0.295911 -0.077072 0.100379 17.727692
2.27 9.706815 30.897867 0.015250 0.999884 -0.099352 0.037971 -0.005359 -4.972441 0.094895 0.013908 0.303112 15.869697
2.27 9.754220 33.097312 0.027845 0.999612 -0.082360 0.037530 -0.010096 -4.172823 -0.096800 0.091963 0.365832 12.867890
2.27 9.827525 35.296058 0.038795 0.999247 -0.055617 0.036523 -0.014233 -2.990777 -0.258897 0.141885 0.268018 9.128547
2.27 9.921990 37.494010 0.047082 0.998891 -0.020913 0.034875 -0.017347 -1.586799 -0.371019 0.156572 0.050108 5.113414
2.27 10.030532 39.691325 0.051593 0.998668 0.018994 0.032714 -0.018977 -0.126999 -0.419793 0.139422 -0.205288 1.239233
2.27 10.143892 41.888402 0.051461 0.998675 0.060508 0.030367 -0.018812 1.247501 -0.400689 0.101500 -0.408399 -2.187653
2.27 10.251459 44.085764 0.046327 0.998926 0.099644 0.028256 -0.016808 2.434138 -0.315398 0.055387 -0.493868 -4.988662
2.27 10.342538 46.283851 0.036472 0.999335 0.132605 0.026729 -0.013181 3.366570 -0.169858 0.010035 -0.434914 -7.090880
2.27 10.407764 48.482833 0.022825 0.999739 0.156299 0.025915 -0.008367 4.005483 0.025569 -0.031322 -0.240137 -8.486691
2.27 10.440520 50.682519 0.006954 0.999976 0.168816 0.025662 -0.003012 4.330778 0.255607 -0.071287 0.056434 -9.195352
2.27 10.438393 52.882449 -0.008887 0.999961 0.169946 0.025613 0.001985 4.339629 0.500825 -0.118211 0.399398 -9.237787
2.27 10.404769 55.082147 -0.021680 0.999765 0.161729 0.025415 0.005481 4.051175 0.741003 -0.185683 0.702863 -8.629044
2.27 10.350417 57.281466 -0.027731 0.999615 0.148661 0.024963 0.006395 3.513091 0.959840 -0.287863 0.832041 -7.389938
2.27 10.294091 59.480740 -0.023474 0.999724 0.136608 0.024508 0.004566 2.796161 1.139259 -0.421893 0.597061 -5.569592
2.27 10.259787 61.680404 -0.007712 0.999970 0.129631 0.024311 0.001798 1.965146 1.290590 -0.522794 -0.207348 -3.313693
2.27 10.266846 63.880261 0.014129 0.999900 0.126407 0.024261 0.001132 1.188027 1.096876 -0.452806 -1.847582 -0.568179
2.27 10.308624 66.079839 0.023851 0.999716 0.124793 0.024144 0.000321 1.393688 1.102710 -0.614876 0.000000 0.000000

3.41 4.315119 0.217292 -0.211877 0.977296 -0.198787 0.132511 0.028316 -3.763138 0.769446 -0.327924 4.215592 -0.620094
3.41 3.884270 2.374391 -0.179804 0.983702 -0.257741 0.118564 0.026638 -3.764326 0.075468 0.166513 2.292900 0.469989
3.41 3.576103 4.550911 -0.100347 0.994952 -0.307733 0.110094 0.019463 -4.377184 0.315539 0.130826 0.437665 0.582718
3.41 3.466232 6.745359 0.000465 1.000000 -0.333868 0.107726 0.004401 -4.738713 0.531526 0.014910 -1.102535 -0.247860
3.41 3.572448 8.940268 0.096095 0.995372 -0.322182 0.105882 -0.015124 -4.639760 0.798392 -0.137704 -2.316689 -2.070423
3.41 3.862768 11.119574 0.167832 0.985816 -0.269697 0.097315 -0.033189 -4.018593 0.919600 -0.264041 -3.258701 -4.739308
3.41 4.276241 13.279901 0.208053 0.978118 -0.185200 0.079465 -0.045169 -2.968181 0.849906 -0.320024 -3.905727 -8.032188
3.41 4.744675 15.429424 0.217797 0.975994 -0.083792 0.055788 -0.049266 -1.629937 0.650033 -0.292811 -4.164831 -11.712798
3.41 5.207394 17.580147 0.202857 0.979208 0.018766 0.032311 -0.046164 -0.129122 0.419871 -0.200029 -3.965471 -15.536677
3.41 5.618599 19.741081 0.170966 0.985277 0.109741 0.013783 -0.038097 1.428937 0.228696 -0.083236 -3.343849 -19.214721
3.41 5.949587 21.915560 0.129932 0.991523 0.181441 0.001911 -0.027902 2.930261 0.091875 0.006446 -2.451016 -22.392422
3.41 6.187165 24.102156 0.086047 0.996291 0.231670 -0.004187 -0.018070 4.227667 -0.007723 0.032352 -1.472372 -24.686381
3.41 6.328957 26.297065 0.042854 0.999081 0.262369 -0.006514 -0.009910 5.154526 -0.085557 -0.008541 -0.523677 -25.771859
3.41 6.377114 28.496054 0.000925 1.000000 0.276798 -0.007005 -0.003213 5.579358 -0.144425 -0.088061 0.382840 -25.473301
3.41 6.332911 30.695124 -0.041109 0.999155 0.276667 -0.007209 0.003334 5.454591 -0.185619 -0.164906 1.281211 -23.813698
3.41 6.194527 32.890242 -0.084695 0.996407 0.260716 -0.008662 0.011215 4.823753 -0.218041 -0.200971 2.163634 -21.009299
3.41 5.958922 35.077028 -0.129491 0.991581 0.225420 -0.013335 0.021120 3.796291 -0.261205 -0.172132 2.931884 -17.411484
3.41 5.626991 37.251323 -0.172265 0.985051 0.167334 -0.023549 0.032420 2.505724 -0.346285 -0.077983 3.426220 -13.410659
3.41 5.209722 39.411037 -0.207071 0.978326 0.085726 -0.041007 0.043295 1.069629 -0.503590 0.055340 3.513831 -9.345663
3.41 4.732712 41.558588 -0.226575 0.973994 -0.015781 -0.065302 0.051353 -0.424765 -0.733541 0.187093 3.170672 -5.467213
3.41 4.237234 43.702065 -0.223859 0.974622 -0.128979 -0.092966 0.054314 -1.905740 -0.984567 0.279963 2.501132 -1.963560
3.41 3.777372 45.853208 -0.194198 0.980962 -0.241755 -0.118159 0.050529 -3.288357 -1.161697 0.310488 1.688024 0.987447
3.41 3.413167 48.021910 -0.136897 0.990585 -0.339262 -0.135299 0.039395 -4.450521 -1.172055 0.270513 0.902068 3.190875
3.41 3.199802 50.209761 -0.057072 0.998370 -0.406137 -0.142574 0.021773 -5.237945 -0.990429 0.166088 0.223004 4.466257
3.41 3.174322 52.407336 0.033907 0.999425 -0.430244 -0.143898 0.000171 -5.515006 -0.698880 0.016680 -0.368827 4.725706
3.41 3.344734 54.598619 0.121013 0.992651 -0.406642 -0.147193 -0.021806 -5.233263 -0.453729 -0.148251 -0.914692 4.038108
3.41 3.687616 56.770349 0.190697 0.981649 -0.338874 -0.159690 -0.040773 -4.452160 -0.396759 -0.298268 -1.378202 2.630798
3.41 4.156276 58.919262 0.235358 0.971909 -0.236283 -0.183995 -0.054863 -3.280429 -0.570736 -0.414632 -1.627023 0.828299
3.41 4.695479 61.052047 0.254827 0.966987 -0.109399 -0.217552 -0.064119 -1.814753 -1.003226 -0.494116 -1.511916 -0.926394
3.41 5.256675 63.179266 0.255351 0.966848 0.033002 -0.256376 -0.069685 0.112311 -1.319233 -0.572024 -1.225329 -2.475484
3.41 5.808807 65.308832 0.246587 0.969121 0.184726 -0.296118 -0.072528 3.277744 -3.849426 -1.940197 0.000000 0.000000
3.41 10.842907 0.177554 0.012139 0.999926 0.224606 0.049000 0.009073 4.819082 -0.423660 1.223941 -0.128673 -1.057099
3.41 10.859303 2.377468 0.002767 0.999996 0.207053 0.049161 0.006893 3.600512 -0.112893 0.224275 -0.310105 -2.248894
3.41 10.849764 4.577392 -0.011439 0.999935 0.194735 0.049196 0.004289 3.474712 -0.007638 0.134289 -0.073811 -2.723061
3.41 10.804253 6.776827 -0.029935 0.999552 0.185405 0.048950 0.004185 3.436300 0.137368 0.084432 0.206765 -2.539045
3.41 10.717212 8.975002 -0.049193 0.998789 0.173466 0.048367 0.006686 3.301452 0.285989 0.054611 0.388125 -1.703400
3.41 10.590636 11.171281 -0.065876 0.997828 0.154471 0.047048 0.010628 2.974170 0.429971 0.028823 0.421520 -0.205835
3.41 10.432863 13.365579 -0.077553 0.996988 0.126736 0.044767 0.014666 2.397625 0.554344 -0.006875 0.299961 1.967221
3.41 10.256622 15.558501 -0.082666 0.996577 0.091282 0.041642 0.017680 1.551502 0.647071 -0.057297 0.046169 4.790054
3.41 10.077126 17.751165 -0.080512 0.996754 0.051221 0.038146 0.018866 0.452340 0.699333 -0.117352 -0.275436 8.137005
3.41 9.910059 19.944789 -0.071367 0.997450 0.010968 0.034932 0.017834 -0.834302 0.703875 -0.172264 -0.556134 11.727234
3.41 9.769358 22.140224 -0.056543 0.998400 -0.024782 0.032541 0.014729 -2.176751 0.654700 -0.202698 -0.675507 15.115043
3.41 9.665244 24.337666 -0.038106 0.999274 -0.052204 0.031165 0.010222 -3.379297 0.553763 -0.195336 -0.564123 17.756277
3.41 9.603313 26.536685 -0.018195 0.999834 -0.069173 0.030624 0.005205 -4.227711 0.416123 -0.149947 -0.253727 19.143482
3.41 9.585109 28.736501 0.001647 0.999999 -0.075294 0.030519 0.000358 -4.564473 0.259575 -0.077047 0.129319 18.961782
3.41 9.609574 30.936266 0.020594 0.999788 -0.071247 0.030418 -0.004034 -4.343065 0.094851 0.006791 0.425545 17.194853
3.41 9.674071 33.135237 0.038040 0.999276 -0.058150 0.029961 -0.007872 -3.634024 -0.065955 0.081585 0.518171 14.128261
3.41 9.774232 35.332894 0.053015 0.998594 -0.037455 0.028914 -0.010958 -2.593590 -0.201761 0.129329 0.383222 10.252072
3.41 9.903056 37.529085 0.064097 0.997944 -0.011177 0.027227 -0.012972 -1.408553 -0.292090 0.142235 0.090949 6.112292
3.41 10.050349 39.724140 0.069806 0.997561 0.018045 0.025079 -0.013659 -0.240294 -0.328252 0.125784 -0.237047 2.174738
3.41 10.203180 41.918824 0.069132 0.997608 0.047289 0.022829 -0.012998 0.803440 -0.311161 0.092892 -0.484056 -1.250900
3.41 10.347263 44.114087 0.061852 0.998085 0.073864 0.020877 -0.011220 1.666099 -0.244606 0.055298 -0.576291 -4.014005
3.41 10.468765 46.310680 0.048604 0.998818 0.095756 0.019499 -0.008718 2.326374 -0.133452 0.018867 -0.491483 -6.077248
3.41 10.556136 48.508858 0.030824 0.999525 0.111884 0.018754 -0.005959 2.783233 0.015238 -0.016654 -0.247888 -7.460048
3.41 10.601806 50.708272 0.010695 0.999943 0.122195 0.018493 -0.003420 3.046753 0.191735 -0.056221 0.107955 -8.196826
3.41 10.603848 52.908166 -0.008839 0.999961 0.127646 0.018466 -0.001539 3.133377 0.384909 -0.108185 0.501530 -8.316909
3.41 10.567633 55.107804 -0.024084 0.999710 0.129977 0.018474 -0.000580 3.061415 0.584636 -0.182249 0.819682 -7.841952
3.41 10.507090 57.306958 -0.030956 0.999521 0.131052 0.018441 -0.000389 2.840942 0.785394 -0.283854 0.906780 -6.798074
3.41 10.444266 59.506054 -0.026157 0.999658 0.131687 0.018389 -0.000179 2.455384 0.971679 -0.399867 0.594710 -5.227982
3.41 10.405007 61.705628 -0.009533 0.999955 0.130667 0.018393 0.001106 1.861032 1.157381 -0.466295 -0.233544 -3.260573
3.41 10.408232 63.905493 0.012465 0.999922 0.125636 0.018381 0.003461 1.226237 0.955037 -0.390166 -1.778905 -0.751842
3.41 10.446360 66.105136 0.022197 0.999754 0.116618 0.018580 0.004723 1.461182 1.074873 -0.534565 0.000000 0.000000

4.55 4.108321 0.355367 -0.238984 0.971024 -0.172373 0.124900 0.017013 -3.229531 0.816035 -0.376628 4.385528 -0.472104
4.55 3.619281 2.499993 -0.205597 0.978637 -0.208745 0.115607 0.017078 -2.903848 0.148545 0.093349 2.739475 0.595769
4.55 3.261458 4.668585 -0.119696 0.992811 -0.242524 0.109428 0.014162 -3.302797 0.363265 0.078997 0.852228 0.773142
4.55 3.124463 6.860663 -0.004844 0.999988 -0.263985 0.107358 0.005480 -3.606262 0.516697 0.013041 -0.922213 0.120299
4.55 3.239564 9.054038 0.109481 0.993989 -0.261349 0.106263 -0.007937 -3.639724 0.749476 -0.092091 -2.448469 -1.453535
4.55 3.578865 11.225431 0.198975 0.980005 -0.228679 0.099869 -0.022326 -3.302583 0.874505 -0.199646 -3.692228 -3.865333
4.55 4.074540 13.368040 0.251639 0.967821 -0.168966 0.084648 -0.033628 -2.623655 0.827689 -0.269569 -4.576627 -6.951600
4.55 4.644738 15.492794 0.266723 0.963773 -0.091684 0.062617 -0.039294 -1.685433 0.643730 -0.274190 -4.966471 -10.518666
4.55 5.213359 17.617956 0.250206 0.968193 -0.008882 0.039382 -0.038760 -0.561941 0.420505 -0.209164 -4.756283 -14.356195
4.55 5.721011 19.758132 0.211296 0.977422 0.067977 0.020279 -0.033160 0.692613 0.240414 -0.099324 -3.980310 -18.194692
4.55 6.129675 21.919087 0.160217 0.987082 0.130502 0.007774 -0.024773 2.013554 0.125247 0.004081 -2.852632 -21.665362
4.55 6.422462 24.098685 0.105953 0.994371 0.175114 0.001304 -0.016192 3.274553 0.045944 0.047981 -1.667741 -24.324624
4.55 6.598326 26.290893 0.053923 0.998545 0.202976 -0.001209 -0.009232 4.270128 -0.025714 0.014209 -0.609852 -25.761236
4.55 6.663036 28.489279 0.004904 0.999988 0.217652 -0.001787 -0.004116 4.794584 -0.087533 -0.070203 0.344167 -25.727801
4.55 6.620317 30.688213 -0.043740 0.999043 0.221757 -0.001841 0.000385 4.760499 -0.126527 -0.157544 1.325696 -24.219192
4.55 6.467574 32.882173 -0.095118 0.995466 0.214814 -0.002591 0.005952 4.232689 -0.141161 -0.205230 2.391998 -21.473934
4.55 6.198263 35.064789 -0.149710 0.988730 0.193569 -0.005761 0.013557 3.369010 -0.147795 -0.186987 3.425233 -17.902841
4.55 5.809565 37.229339 -0.203651 0.979043 0.154278 -0.013741 0.022858 2.330605 -0.184973 -0.102084 4.184596 -13.959564
4.55 5.311441 39.371588 -0.249189 0.968455 0.095325 -0.028714 0.032364 1.222182 -0.298280 0.021853 4.454467 -10.016163
4.55 4.732824 41.493900 -0.276826 0.960920 0.018667 -0.051044 0.040086 0.090672 -0.503340 0.145034 4.164375 -6.315172
4.55 4.122798 43.607633 -0.277744 0.960655 -0.070178 -0.078033 0.044146 -1.041391 -0.760259 0.235697 3.412291 -3.004170
4.55 3.547003 45.730633 -0.245706 0.969344 -0.162711 -0.104203 0.043122 -2.139499 -0.978671 0.277043 2.405562 -0.206384
4.55 3.079881 47.879155 -0.178951 0.983858 -0.247917 -0.123521 0.036252 -3.128110 -1.056211 0.263840 1.360867 1.928730
4.55 2.792167 50.057639 -0.082607 0.996582 -0.313184 -0.132869 0.023721 -3.882725 -0.942072 0.198085 0.410702 3.235862
4.55 2.734243 52.253386 0.029948 0.999551 -0.346818 -0.134714 0.006926 -4.267117 -0.689595 0.087926 -0.424697 3.605840
4.55 2.921024 54.442083 0.139853 0.990172 -0.341714 -0.136503 -0.011703 -4.202789 -0.443511 -0.051685 -1.170812 3.064212
4.55 3.327529 56.601861 0.229697 0.973262 -0.297500 -0.146525 -0.029491 -3.705528 -0.360417 -0.200553 -1.793078 1.798428
4.55 3.898952 58.725252 0.289779 0.957094 -0.219348 -0.169366 -0.044415 -2.842005 -0.509199 -0.339269 -2.163259 0.112085
4.55 4.569398 60.820319 0.319718 0.947513 -0.114947 -0.204243 -0.055420 -1.690047 -0.946932 -0.450624 -2.114885 -1.538376
4.55 5.280179 62.902320 0.326447 0.945215 0.007339 -0.247407 -0.062179 -0.065000 -1.305694 -0.549460 -1.814753 -2.953006
4.55 5.991878 64.984011 0.320552 0.947231 0.139889 -0.293643 -0.065121 2.417813 -3.937250 -1.747882 0.000000 0.000000
4.55 11.080518 0.227507 0.000057 1.000000 0.197039 0.040539 0.013459 4.145492 -0.325625 1.135302 0.117877 -0.972879
4.55 11.072973 2.427481 -0.006917 0.999976 0.170470 0.040531 0.010712 2.840861 -0.079600 0.227450 -0.363907 -2.245675
4.55 11.046099 4.627286 -0.017514 0.999847 0.151932 0.040417 0.006142 2.598152 -0.018722 0.136833 -0.244253 -2.830337
4.55 10.989023 6.826467 -0.034373 0.999409 0.141820 0.040157 0.003036 2.535059 0.075170 0.077701 0.050967 -2.769870
4.55 10.891042 9.024170 -0.054700 0.998503 0.135636 0.039853 0.002589 2.498442 0.176133 0.043077 0.314710 -2.068030
4.55 10.748882 11.219463 -0.074537 0.997218 0.127774 0.039223 0.004586 2.383464 0.284363 0.024239 0.448553 -0.715114
4.55 10.567556 13.411909 -0.090305 0.995914 0.113899 0.037878 0.008091 2.101669 0.387838 0.006874 0.409345 1.316446
4.55 10.359099 15.601988 -0.099202 0.995067 0.092049 0.035574 0.011885 1.589672 0.474512 -0.020732 0.190299 4.042226
4.55 10.140652 17.791116 -0.099386 0.995049 0.062936 0.032479 0.014731 0.812738 0.535582 -0.063613 -0.164284 7.400061
4.55 9.931998 19.981176 -0.090299 0.995915 0.029716 0.029191 0.015616 -0.222610 0.564371 -0.114900 -0.539317 11.164626
4.55 9.752383 22.173749 -0.072987 0.997333 -0.002839 0.026452 0.014079 -1.437956 0.550057 -0.155196 -0.766991 14.896936
4.55 9.617084 24.369438 -0.050012 0.998749 -0.029799 0.024733 0.010470 -2.650618 0.481573 -0.164585 -0.708514 17.992240
4.55 9.535052 26.567730 -0.024563 0.999698 -0.047680 0.024003 0.005789 -3.595795 0.368020 -0.137079 -0.358997 19.833959
4.55 9.508912 28.767398 0.000800 1.000000 -0.055242 0.023848 0.001082 -4.037384 0.233517 -0.079121 0.124372 19.997845
4.55 9.536937 30.967062 0.024677 0.999695 -0.053091 0.023757 -0.003038 -3.890241 0.091453 -0.003771 0.513887 18.410317
4.55 9.614909 33.165552 0.046206 0.998932 -0.042823 0.023327 -0.006298 -3.248200 -0.047429 0.068409 0.645397 15.370075
4.55 9.736326 35.362110 0.064173 0.997939 -0.026581 0.022351 -0.008487 -2.317412 -0.161671 0.116235 0.495417 11.429157
4.55 9.891500 37.556586 0.076894 0.997039 -0.006918 0.020860 -0.009436 -1.312192 -0.232977 0.131292 0.164619 7.204157
4.55 10.067172 39.749551 0.082807 0.996566 0.013488 0.019096 -0.009184 -0.381320 -0.258294 0.120436 -0.196172 3.204802
4.55 10.247464 41.942151 0.081094 0.996706 0.032363 0.017396 -0.008046 0.402869 -0.242447 0.096127 -0.457567 -0.253165
4.55 10.415799 44.135678 0.071938 0.997409 0.048308 0.016033 -0.006502 1.021456 -0.190153 0.067198 -0.548552 -3.036500
4.55 10.557049 46.331072 0.056471 0.998404 0.060986 0.015112 -0.005055 1.484714 -0.105888 0.036148 -0.457385 -5.127366
4.55 10.659423 48.528580 0.036597 0.999330 0.071044 0.014588 -0.004102 1.816389 0.005149 0.000754 -0.213461 -6.555652
4.55 10.716015 50.727722 0.014850 0.999890 0.079774 0.014352 -0.003838 2.043931 0.137701 -0.043372 0.128988 -7.358589
4.55 10.726114 52.927583 -0.005670 0.999984 0.088571 0.014329 -0.004159 2.189711 0.287801 -0.100751 0.493573 -7.568171
4.55 10.696352 55.127314 -0.021386 0.999771 0.098226 0.014485 -0.004616 2.260119 0.452900 -0.174412 0.774566 -7.213599
4.55 10.641334 57.326611 -0.028631 0.999590 0.108240 0.014749 -0.004488 2.232806 0.632538 -0.263688 0.837621 -6.330980
4.55 10.582655 59.525824 -0.024714 0.999695 0.116563 0.014957 -0.003085 2.047912 0.810600 -0.356252 0.548475 -4.965285
4.55 10.544594 61.725435 -0.009886 0.999951 0.120321 0.015101 -0.000336 1.638198 0.995854 -0.400373 -0.187291 -3.231008
4.55 10.544563 63.925327 0.009858 0.999951 0.117714 0.015056 0.002709 1.213795 0.779162 -0.334536 -1.618551 -0.939470
4.55 10.575712 66.125086 0.018459 0.999830 0.110108 0.015235 0.004207 1.587363 1.011591 -0.520789 0.000000 0.000000

5.68 3.934212 0.485844 -0.256141 0.966639 -0.138822 0.111505 0.011139 -2.572197 0.791668 -0.330407 4.379992 -0.301581
5.68 3.407019 2.621417 -0.223125 0.974790 -0.163504 0.104909 0.012125 -2.182404 0.175952 0.054760 3.030762 0.775902
5.68 3.013141 4.783624 -0.134946 0.990853 -0.189308 0.100118 0.011724 -2.482520 0.353405 0.053641 1.217887 1.057225
5.68 2.851640 6.973484 -0.011873 0.999930 -0.209693 0.098150 0.006950 -2.767949 0.454169 0.018266 -0.647737 0.605019
5.68 2.965914 9.166012 0.115759 0.993277 -0.214690 0.097725 -0.002413 -2.898283 0.651780 -0.054648 -2.353313 -0.699206
5.68 3.334891 11.331747 0.219674 0.975573 -0.197075 0.093740 -0.013999 -2.757713 0.782247 -0.144632 -3.808269 -2.829129
5.68 3.888818 13.459619 0.283895 0.958855 -0.156364 0.082080 -0.024485 -2.340241 0.769594 -0.220541 -4.899371 -5.679081
5.68 4.537128 15.561779 0.305478 0.952199 -0.098050 0.063160 -0.031199 -1.695524 0.618976 -0.251339 -5.453213 -9.097889
5.68 5.191915 17.662000 0.289783 0.957092 -0.030931 0.041489 -0.032867 -0.868275 0.412325 -0.218600 -5.313583 -12.905602
5.68 5.781852 19.780852 0.246524 0.969137 0.035230 0.022476 -0.029686 0.123437 0.239364 -0.128134 -4.473556 -16.852758
5.68 6.259321 21.927385 0.187539 0.982257 0.091866 0.009393 -0.023150 1.266884 0.138153 -0.020448 -3.168286 -20.568788
5.68 6.602353 24.099336 0.124308 0.992244 0.133895 0.002373 -0.015588 2.485578 0.078032 0.041837 -1.798832 -23.567987
5.68 6.810078 26.288511 0.064534 0.997916 0.160951 -0.000444 -0.009156 3.562887 0.013009 0.022181 -0.657274 -25.359037
5.68 6.891813 28.486166 0.009771 0.999952 0.176133 -0.001141 -0.004673 4.205893 -0.056436 -0.057760 0.288488 -25.614576
5.68 6.854565 30.685065 -0.043633 0.999048 0.182706 -0.001122 -0.001297 4.259158 -0.101130 -0.145976 1.278276 -24.287383
5.68 6.695954 32.878442 -0.100558 0.994931 0.181284 -0.001379 0.002611 3.804327 -0.107381 -0.199508 2.455667 -21.622121
5.68 6.406491 35.058230 -0.162589 0.986694 0.169513 -0.003277 0.008224 3.057486 -0.087247 -0.192383 3.694581 -18.075974
5.68 5.979531 37.215246 -0.225556 0.974230 0.143984 -0.008932 0.015540 2.210185 -0.083339 -0.121688 4.680816 -14.161133
5.68 5.423117 39.342811 -0.280274 0.959920 0.102627 -0.020624 0.023515 1.352749 -0.150329 -0.013051 5.125909 -10.289139
5.68 4.767753 41.442537 -0.315512 0.948922 0.046042 -0.039327 0.030619 0.497634 -0.313867 0.097631 4.918914 -6.710381
5.68 4.067593 43.528139 -0.320997 0.947080 -0.022514 -0.063365 0.035346 -0.367159 -0.548127 0.184503 4.146467 -3.550050
5.68 3.396294 45.622898 -0.289275 0.957246 -0.097550 -0.088252 0.036451 -1.240614 -0.777890 0.235321 3.025751 -0.887437
5.68 2.838960 47.749561 -0.217392 0.976084 -0.171327 -0.108222 0.033025 -2.082779 -0.904866 0.245617 1.802721 1.176342
5.68 2.479143 49.916613 -0.109714 0.993963 -0.233775 -0.119187 0.024679 -2.798174 -0.860005 0.213227 0.651989 2.503983
5.68 2.380051 52.109761 0.019630 0.999807 -0.273830 -0.121810 0.011877 -3.254889 -0.661985 0.137307 -0.371175 2.976431
5.68 2.565559 54.297268 0.149013 0.988835 -0.282710 -0.122241 -0.003859 -3.348133 -0.429555 0.022173 -1.283781 2.577295
5.68 3.012708 56.447897 0.257486 0.966282 -0.257062 -0.129068 -0.020263 -3.056088 -0.322422 -0.118449 -2.065147 1.446173
5.68 3.662108 58.548074 0.332878 0.942970 -0.199359 -0.148485 -0.035045 -2.421702 -0.433174 -0.263997 -2.594512 -0.145310
5.68 4.439580 60.605550 0.373916 0.927463 -0.115819 -0.181428 -0.046475 -1.529075 -0.843629 -0.390012 -2.669216 -1.746291
5.68 5.277164 62.639805 0.387524 0.921860 -0.014371 -0.224695 -0.053613 -0.203470 -1.209563 -0.502121 -2.378444 -3.117879
5.68 6.126754 64.669136 0.384831 0.922987 0.097490 -0.272594 -0.056728 1.602669 -3.755370 -1.515978 0.000000 0.000000
5.68 11.286033 0.268720 -0.015717 0.999876 0.166702 0.032441 0.015493 3.458733 -0.248041 1.011087 0.427275 -0.912332
5.68 11.247207 2.468374 -0.019579 0.999808 0.135903 0.031954 0.012451 2.196918 -0.066407 0.220287 -0.347193 -2.244291
5.68 11.198359 4.667824 -0.024828 0.999692 0.114582 0.031582 0.006991 1.914876 -0.040061 0.136070 -0.385057 -2.913694
5.68 11.129712 6.866708 -0.037579 0.999294 0.104389 0.031280 0.002274 1.847827 0.018865 0.073905 -0.132961 -2.950625
5.68 11.026272 9.064176 -0.056457 0.998405 0.101990 0.031180 -0.000108 1.872810 0.087639 0.034659 0.167134 -2.356315
5.68 10.878836 11.259107 -0.077576 0.996986 0.101881 0.031135 0.000202 1.894083 0.171540 0.015416 0.384247 -1.124808
5.68 10.687196 13.450643 -0.096642 0.995319 0.098633 0.030746 0.002772 1.816833 0.261606 0.005839 0.444236 0.774253
5.68 10.460199 15.638853 -0.109718 0.993963 0.088342 0.029523 0.006653 1.558635 0.345685 -0.006233 0.305895 3.382129
5.68 10.214516 17.825088 -0.113630 0.993523 0.069537 0.027254 0.010569 1.053930 0.413440 -0.031739 -0.023562 6.692570
5.68 9.972356 20.011705 -0.106516 0.994311 0.043615 0.024278 0.013147 0.262045 0.459609 -0.072991 -0.451819 10.547626
5.68 9.757802 22.201128 -0.088534 0.996073 0.014619 0.021381 0.013329 -0.802023 0.475217 -0.115727 -0.789236 14.541888
5.68 9.591971 24.394677 -0.062222 0.998062 -0.011960 0.019318 0.010893 -2.003669 0.437934 -0.136874 -0.823244 18.037297
5.68 9.488624 26.591992 -0.031730 0.999496 -0.031240 0.018347 0.006662 -3.053826 0.343525 -0.126341 -0.479010 20.324869
5.68 9.452646 28.791437 -0.000977 1.000000 -0.040726 0.018123 0.001972 -3.623099 0.222467 -0.085946 0.080122 20.868903
5.68 9.481973 30.991016 0.027638 0.999618 -0.040580 0.018057 -0.002112 -3.560481 0.094521 -0.020249 0.558377 19.522252
5.68 9.570374 33.189066 0.052727 0.998609 -0.032751 0.017689 -0.005017 -2.977837 -0.028977 0.051452 0.738850 16.574589
5.68 9.708455 35.384617 0.072801 0.997346 -0.020107 0.016846 -0.006491 -2.137586 -0.126946 0.102572 0.597732 12.620601
5.68 9.883264 37.577612 0.086116 0.996285 -0.005782 0.015649 -0.006562 -1.279668 -0.185065 0.122775 0.261423 8.337164
5.68 10.078490 39.768925 0.091362 0.995818 0.007538 0.014392 -0.005595 -0.534787 -0.204633 0.119500 -0.101229 4.276188
5.68 10.276050 41.960034 0.088238 0.996099 0.018244 0.013342 -0.004185 0.057127 -0.191932 0.103631 -0.358571 0.764380
5.68 10.458398 44.152432 0.077532 0.996990 0.026064 0.012613 -0.002957 0.504238 -0.151692 0.081112 -0.447890 -2.073308
5.68 10.610681 46.347079 0.060907 0.998143 0.031937 0.012151 -0.002399 0.835798 -0.088297 0.052584 -0.369373 -4.229097
5.68 10.722348 48.544129 0.040608 0.999175 0.037599 0.011839 -0.002756 1.087828 -0.005790 0.015918 -0.161344 -5.736364
5.68 10.788163 50.743018 0.019223 0.999815 0.044967 0.011622 -0.003943 1.293346 0.093642 -0.031189 0.122053 -6.630640
5.68 10.808825 52.942815 -0.000439 1.000000 0.055365 0.011550 -0.005509 1.472227 0.210408 -0.089592 0.417963 -6.942717
5.68 10.791396 55.142684 -0.015406 0.999881 0.068802 0.011695 -0.006707 1.620303 0.345776 -0.158353 0.647839 -6.705147
5.68 10.749427 57.342269 -0.022748 0.999741 0.083590 0.012003 -0.006744 1.701040 0.501215 -0.234976 0.710635 -5.960860
5.68 10.702076 59.541758 -0.020298 0.999794 0.096716 0.012283 -0.005193 1.645962 0.660487 -0.309554 0.494313 -4.759044
5.68 10.670759 61.741495 -0.008172 0.999967 0.105096 0.012543 -0.002415 1.401154 0.824663 -0.339707 -0.115587 -3.203221
5.68 10.671344 63.941416 0.008704 0.999962 0.107344 0.012399 0.000375 1.206276 0.606195 -0.291050 -1.449936 -1.109391
5.68 10.698455 66.141235 0.015942 0.999873 0.105074 0.012579 0.001676 1.709289 0.931047 -0.531626 0.000000 0.000000

6.82 3.798198 0.603593 -0.268088 0.963394 -0.102907 0.098027 0.008547 -1.881817 0.753994 -0.234549 4.281158 -0.154112
6.82 3.243298 2.732157 -0.236367 0.971664 -0.122670 0.092663 0.010058 -1.576493 0.190623 0.038359 3.224409 0.935789
6.82 2.820056 4.888808 -0.148398 0.988928 -0.145599 0.088255 0.011172 -1.842751 0.317299 0.046454 1.535198 1.333112
6.82 2.633843 7.076388 -0.020886 0.999782 -0.167403 0.086144 0.008811 -2.139685 0.377248 0.029522 -0.338739 1.076893
6.82 2.738797 9.268684 0.116298 0.993214 -0.179341 0.086239 0.002068 -2.350927 0.543009 -0.022525 -2.133721 0.031635
6.82 3.122092 11.431167 0.232151 0.972680 -0.173504 0.084432 -0.007588 -2.353753 0.678294 -0.099252 -3.725253 -1.823408
6.82 3.715336 13.547938 0.307161 0.951658 -0.147244 0.076259 -0.017410 -2.120716 0.700301 -0.177341 -4.983016 -4.433050
6.82 4.422869 15.630790 0.336051 0.941844 -0.103448 0.060719 -0.024807 -1.684611 0.587736 -0.227356 -5.709849 -7.685384
6.82 5.147978 17.707805 0.323138 0.946352 -0.048550 0.041070 -0.028164 -1.079029 0.401843 -0.224399 -5.700238 -11.429890
6.82 5.809165 19.805450 0.277941 0.960598 0.009273 0.022465 -0.027048 -0.305797 0.232109 -0.159202 -4.881416 -15.439008
6.82 6.349321 21.936839 0.213109 0.977028 0.061731 0.008824 -0.022236 0.660826 0.134829 -0.056070 -3.460904 -19.349571
6.82 6.740088 24.100402 0.142134 0.989847 0.102633 0.001118 -0.015603 1.810015 0.090302 0.021290 -1.917292 -22.652327
6.82 6.979155 26.286120 0.075200 0.997168 0.129984 -0.002114 -0.009431 2.957230 0.034700 0.017048 -0.680999 -24.788710
6.82 7.078676 28.482877 0.015273 0.999883 0.145964 -0.002972 -0.005117 3.732575 -0.043105 -0.055627 0.243660 -25.347701
6.82 7.049478 30.681786 -0.041816 0.999125 0.154188 -0.002936 -0.002353 3.884302 -0.096077 -0.138947 1.197176 -24.230116
6.82 6.890594 32.875016 -0.102625 0.994720 0.156408 -0.002871 0.000333 3.494568 -0.098451 -0.193014 2.425678 -21.671568
6.82 6.590625 35.053183 -0.170074 0.985431 0.151399 -0.003768 0.004276 2.838620 -0.059096 -0.195856 3.810954 -18.159894
6.82 6.139456 37.204986 -0.240080 0.970753 0.136275 -0.007334 0.009840 2.138580 -0.022058 -0.140594 4.979465 -14.257938
6.82 5.542658 39.321291 -0.302464 0.953161 0.108623 -0.015734 0.016432 1.470725 -0.046831 -0.048202 5.582242 -10.418852
6.82 4.830818 41.402367 -0.344663 0.938726 0.067857 -0.030411 0.022939 0.820025 -0.165048 0.050579 5.473424 -6.911666
6.82 4.060880 43.463202 -0.355281 0.934760 0.015422 -0.050721 0.028134 0.152175 -0.364732 0.134788 4.724958 -3.853373
6.82 3.311617 45.531394 -0.325867 0.945416 -0.045454 -0.073356 0.030858 -0.551598 -0.589074 0.194296 3.553373 -1.291335
6.82 2.675691 47.635781 -0.252248 0.967663 -0.109488 -0.093141 0.030067 -1.275728 -0.750139 0.223598 2.219902 0.716859
6.82 2.246985 49.789764 -0.137485 0.990504 -0.168681 -0.105359 0.024949 -1.949750 -0.767816 0.216959 0.928916 2.066290
6.82 2.100792 51.979306 0.004582 0.999990 -0.212728 -0.108970 0.015317 -2.450790 -0.628777 0.167932 -0.236050 2.637940
6.82 2.271393 54.166764 0.150510 0.988608 -0.231838 -0.108508 0.002074 -2.656979 -0.420610 0.074655 -1.285487 2.381140
6.82 2.740587 56.311498 0.276029 0.961149 -0.220626 -0.112271 -0.012785 -2.517916 -0.296432 -0.053009 -2.213373 1.387060
6.82 3.446918 58.392399 0.366090 0.930580 -0.179795 -0.127509 -0.026824 -2.061133 -0.366178 -0.194621 -2.905953 -0.111420
6.82 4.309450 60.415313 0.418031 0.908433 -0.114597 -0.156545 -0.037989 -1.380916 -0.731667 -0.323858 -3.122660 -1.682988
6.82 5.251615 62.403203 0.438483 0.898740 -0.032403 -0.196795 -0.045095 -0.316435 -1.065274 -0.443441 -2.866628 -3.073693
6.82 6.216823 64.380163 0.438980 0.898497 0.059536 -0.242821 -0.048216 0.881200 -3.422827 -1.269208 0.000000 0.000000
6.82 11.457867 0.301594 -0.033002 0.999455 0.136349 0.025265 0.015882 2.802257 -0.191603 0.872192 0.760086 -0.862439
6.82 11.384745 2.500378 -0.033472 0.999440 0.104857 0.024247 0.012780 1.659272 -0.064332 0.207214 -0.288287 -2.237453
6.82 11.312093 4.699178 -0.032575 0.999469 0.083126 0.023565 0.007010 1.378268 -0.066943 0.130991 -0.494088 -2.972683
6.82 11.232435 6.897721 -0.039841 0.999206 0.073672 0.023232 0.001570 1.323530 -0.031548 0.071248 -0.315419 -3.090231
6.82 11.127448 9.095146 -0.055602 0.998453 0.074027 0.023280 -0.001909 1.393120 0.015392 0.030494 -0.014470 -2.587579
6.82 10.982171 11.290223 -0.076469 0.997072 0.079198 0.023634 -0.002807 1.503030 0.081898 0.009349 0.259722 -1.461902
6.82 10.790408 13.481723 -0.097861 0.995200 0.083574 0.023983 -0.001182 1.563620 0.162286 0.001772 0.413121 0.314703
6.82 10.556265 15.669145 -0.114997 0.993366 0.082298 0.023763 0.002361 1.488900 0.245539 -0.001810 0.376354 2.796638
6.82 10.293980 17.853434 -0.123444 0.992352 0.072372 0.022462 0.006746 1.200337 0.319449 -0.013792 0.116614 6.021083
6.82 10.026359 20.037093 -0.119848 0.992792 0.053517 0.020068 0.010541 0.629266 0.377925 -0.043470 -0.316121 9.899846
6.82 9.781247 22.223316 -0.102982 0.994683 0.028562 0.017238 0.012290 -0.264153 0.417553 -0.084487 -0.743348 14.082205
6.82 9.585760 24.414391 -0.074733 0.997204 0.002851 0.014911 0.011165 -1.416745 0.412278 -0.113855 -0.895866 17.921393
6.82 9.459706 26.610441 -0.039861 0.999205 -0.017740 0.013671 0.007580 -2.558058 0.337855 -0.119023 -0.604590 20.634123
6.82 9.411648 28.809558 -0.003828 0.999993 -0.029349 0.013343 0.002980 -3.271705 0.227569 -0.098713 -0.003169 21.574817
6.82 9.439876 31.009072 0.029491 0.999565 -0.031376 0.013296 -0.001143 -3.311936 0.108049 -0.043498 0.555066 20.511762
6.82 9.535923 33.206753 0.057825 0.998327 -0.025874 0.013005 -0.003862 -2.791987 -0.006613 0.030710 0.794690 17.707528
6.82 9.686806 35.401445 0.079341 0.996848 -0.016303 0.012314 -0.004845 -2.030182 -0.094051 0.088151 0.684982 13.781131
6.82 9.875764 37.593267 0.092439 0.995718 -0.006267 0.011421 -0.004305 -1.290960 -0.145319 0.115142 0.369595 9.460412
6.82 10.083477 39.783435 0.096391 0.995344 0.001605 0.010639 -0.002889 -0.686329 -0.164379 0.119676 0.025499 5.339129
6.82 10.290342 41.973682 0.091668 0.995790 0.006283 0.010153 -0.001393 -0.230301 -0.156999 0.110972 -0.219027 1.760892
6.82 10.478916 44.165545 0.079763 0.996814 0.008335 0.009940 -0.000486 0.102337 -0.127572 0.092958 -0.310096 -1.149622
6.82 10.635754 46.359868 0.062817 0.998025 0.009491 0.009838 -0.000570 0.350074 -0.080452 0.065972 -0.257466 -3.388872
6.82 10.752428 48.556667 0.043250 0.999064 0.012011 0.009701 -0.001723 0.552532 -0.018900 0.029118 -0.104291 -4.991313
6.82 10.825823 50.755334 0.023473 0.999724 0.017960 0.009515 -0.003684 0.741699 0.056532 -0.017918 0.101312 -5.989736
6.82 10.857974 52.955013 0.005755 0.999983 0.028474 0.009385 -0.005872 0.933169 0.148016 -0.073955 0.317057 -6.411314
6.82 10.855817 55.154962 -0.007716 0.999970 0.043205 0.009432 -0.007519 1.118146 0.258191 -0.136704 0.496498 -6.287737
6.82 10.831073 57.354809 -0.014779 0.999891 0.060195 0.009651 -0.007931 1.259387 0.389622 -0.203524 0.570168 -5.665124
6.82 10.799811 59.554587 -0.013641 0.999907 0.076442 0.009863 -0.006844 1.296134 0.526264 -0.265559 0.437242 -4.596177
6.82 10.780355 61.754475 -0.004046 0.999992 0.089130 0.010119 -0.004690 1.200028 0.654197 -0.288245 -0.055473 -3.168877
6.82 10.787149 63.954409 0.010222 0.999948 0.097052 0.009977 -0.002507 1.209405 0.466882 -0.258431 -1.308392 -1.262771
6.82 10.816238 66.154206 0.016223 0.999868 0.101446 0.010046 -0.001476 1.803828 0.835116 -0.551193 0.000000 0.000000

7.96 3.701722 0.708300 -0.277878 0.960616 -0.067476 0.086382 0.007980 -1.210609 0.724257 -0.113549 4.138611 -0.041450
7.96 3.123325 2.830632 -0.247937 0.968776 -0.086309 0.081220 0.009746 -1.063320 0.202345 0.036053 3.355032 1.058354
7.96 2.672792 4.981820 -0.161638 0.986850 -0.109399 0.076481 0.011706 -1.334412 0.273000 0.048825 1.810056 1.570364
7.96 2.459678 7.166789 -0.032102 0.999485 -0.134028 0.074009 0.010837 -1.659713 0.301346 0.043178 -0.025404 1.495732
7.96 2.547667 9.359289 0.112092 0.993698 -0.152324 0.074401 0.005820 -1.941032 0.437764 0.005305 -1.853090 0.690052
7.96 2.932939 11.520707 0.238155 0.971227 -0.156017 0.074420 -0.002518 -2.053844 0.577269 -0.061675 -3.527330 -0.907577
7.96 3.550658 13.629942 0.323407 0.946260 -0.141016 0.069362 -0.011873 -1.955380 0.631170 -0.140401 -4.913798 -3.283984
7.96 4.302605 15.696999 0.360181 0.932882 -0.108456 0.057015 -0.019759 -1.668744 0.556029 -0.204234 -5.806011 -6.361477
7.96 5.085497 17.752960 0.351539 0.936173 -0.063133 0.039441 -0.024388 -1.225960 0.392253 -0.226170 -5.960082 -10.017664
7.96 5.809233 19.829843 0.306402 0.951902 -0.011931 0.021373 -0.024937 -0.626946 0.224022 -0.187316 -5.230930 -14.049527
7.96 6.407591 21.945446 0.237560 0.971373 0.037315 0.007199 -0.021623 0.172421 0.121129 -0.096365 -3.759622 -18.106702
7.96 6.844800 24.099802 0.159904 0.987133 0.077617 -0.001264 -0.015802 1.215088 0.083580 -0.010169 -2.048348 -21.669345
7.96 7.115400 26.281563 0.086096 0.996287 0.105418 -0.004997 -0.009731 2.376376 0.033052 -0.000016 -0.655372 -24.123460
7.96 7.233604 28.477228 0.021362 0.999772 0.122251 -0.005934 -0.005612 3.268833 -0.039799 -0.067375 0.173444 -25.017803
7.96 7.214580 30.676154 -0.038657 0.999253 0.132132 -0.006101 -0.003372 3.550830 -0.106926 -0.143882 1.109081 -24.130141
7.96 7.059590 32.869568 -0.102244 0.994759 0.137415 -0.005605 -0.001424 3.260562 -0.092933 -0.188276 2.350218 -21.716782
7.96 6.756253 35.047117 -0.173518 0.984831 0.137582 -0.005823 0.001265 2.691226 -0.052439 -0.198587 3.826805 -18.252946
7.96 6.291623 37.195820 -0.248873 0.968536 0.130456 -0.007604 0.005394 2.104093 0.012250 -0.158537 5.135529 -14.357385
7.96 5.668488 39.304253 -0.317613 0.948220 0.113467 -0.013002 0.010825 1.576241 0.024426 -0.081384 5.878624 -10.524160
7.96 4.916299 41.370887 -0.366195 0.930538 0.085068 -0.023865 0.016811 1.074461 -0.051494 0.007273 5.876788 -7.046644
7.96 4.092952 43.410920 -0.382302 0.924037 0.045279 -0.040427 0.022332 0.550144 -0.213669 0.090037 5.183221 -4.045037
7.96 3.280125 45.455031 -0.356631 0.934245 -0.004314 -0.060517 0.026266 -0.026416 -0.423752 0.157181 4.006048 -1.546113
7.96 2.575638 47.537468 -0.283812 0.958880 -0.060222 -0.079678 0.027456 -0.655827 -0.606684 0.201365 2.611589 0.428475
7.96 2.081619 49.677105 -0.165296 0.986244 -0.116109 -0.092861 0.024814 -1.288802 -0.677111 0.214143 1.224303 1.805936
7.96 1.884538 51.861867 -0.013868 0.999904 -0.162544 -0.097582 0.017724 -1.815382 -0.595343 0.185952 -0.048793 2.474408
7.96 2.029914 54.049970 0.146028 0.989281 -0.189276 -0.096707 0.006645 -2.105501 -0.417497 0.111539 -1.210159 2.358044
7.96 2.506281 56.191891 0.287034 0.957920 -0.189505 -0.097823 -0.006670 -2.086855 -0.283219 -0.001910 -2.265385 1.502599
7.96 3.251988 58.258089 0.390881 0.920441 -0.162588 -0.108755 -0.019747 -1.772969 -0.312341 -0.134907 -3.108488 0.098219
7.96 4.180430 60.251148 0.453158 0.891430 -0.113018 -0.132946 -0.030356 -1.265532 -0.622461 -0.260964 -3.467216 -1.453225
7.96 5.206992 62.196668 0.480080 0.877225 -0.047638 -0.168476 -0.037182 -0.420796 -0.903991 -0.381162 -3.261352 -2.895236
7.96 6.267002 64.124454 0.483565 0.875308 0.026604 -0.210332 -0.040180 0.270557 -3.017330 -1.026624 0.000000 0.000000
7.96 11.596822 0.327021 -0.050246 0.998737 0.107779 0.019100 0.015174 2.201985 -0.152530 0.729731 1.088007 -0.819543
7.96 11.489484 2.524398 -0.047335 0.998879 0.077730 0.017628 0.012194 1.210074 -0.069766 0.189331 -0.204957 -2.225585
7.96 11.393294 4.722280 -0.040110 0.999195 0.057121 0.016704 0.006537 0.953653 -0.094190 0.124331 -0.574317 -3.016238
7.96 11.303760 6.920457 -0.041285 0.999147 0.048928 0.016368 0.000913 0.920333 -0.075278 0.070128 -0.482782 -3.205536
7.96 11.200101 9.117976 -0.052951 0.998597 0.051365 0.016514 -0.003121 1.024436 -0.043416 0.029822 -0.204447 -2.786524
7.96 11.062155 11.313542 -0.072455 0.997372 0.060092 0.017095 -0.004817 1.193332 0.010215 0.006847 0.102705 -1.758103
7.96 10.877678 13.505649 -0.095251 0.995453 0.069761 0.017915 -0.003995 1.346474 0.082627 -0.001272 0.334445 -0.096563
7.96 10.645269 15.693218 -0.116030 0.993246 0.075193 0.018445 -0.000962 1.401654 0.164698 -0.001030 0.402745 2.257614
7.96 10.375386 17.876552 -0.129318 0.991603 0.072473 0.018025 0.003466 1.278083 0.243162 -0.003813 0.240757 5.372737
7.96 10.089834 20.057941 -0.130276 0.991478 0.060011 0.016363 0.007965 0.895221 0.311741 -0.022903 -0.150269 9.223355
7.96 9.818929 22.241141 -0.116001 0.993249 0.039412 0.013793 0.010893 0.178604 0.370834 -0.060072 -0.632147 13.527312
7.96 9.595470 24.429530 -0.087143 0.996196 0.015544 0.011221 0.010911 -0.874271 0.386247 -0.095786 -0.921655 17.664366
7.96 9.446121 26.624044 -0.048628 0.998817 -0.005196 0.009929 0.008003 -2.045878 0.347722 -0.118751 -0.767807 20.771618
7.96 9.384017 28.822709 -0.007830 0.999969 -0.018407 0.009302 0.004035 -2.891632 0.244358 -0.117222 -0.078139 22.139287
7.96 9.408298 31.022183 0.029903 0.999553 -0.023132 0.009377 0.000260 -3.075465 0.142514 -0.072094 0.506690 21.380146
7.96 9.508779 33.219613 0.061443 0.998111 -0.020680 0.009195 -0.002528 -2.660261 0.023974 0.006123 0.806801 18.756964
7.96 9.668874 35.413638 0.084098 0.996457 -0.014137 0.008670 -0.003404 -1.977976 -0.062073 0.072509 0.750487 14.892561
7.96 9.867541 37.604606 0.096508 0.995332 -0.007537 0.008071 -0.002599 -1.331160 -0.111617 0.107257 0.477407 10.552585
7.96 10.082383 39.794090 0.098803 0.995107 -0.003634 0.007684 -0.000982 -0.827417 -0.133930 0.118908 0.164883 6.372649
7.96 10.292743 41.983998 0.092433 0.995719 -0.003126 0.007612 0.000497 -0.463153 -0.133823 0.116236 -0.063513 2.720099
7.96 10.482014 44.175796 0.079632 0.996824 -0.004946 0.007755 0.001155 -0.203824 -0.114437 0.101922 -0.159895 -0.273693
7.96 10.638838 46.370122 0.062935 0.998018 -0.006967 0.007903 0.000685 -0.007976 -0.080189 0.076744 -0.139327 -2.605472
7.96 10.757337 48.566837 0.044792 0.998996 -0.006759 0.007905 -0.000875 0.163221 -0.034027 0.041236 -0.046004 -4.310022
7.96 10.836638 50.765323 0.027300 0.999627 -0.002300 0.007760 -0.003182 0.338703 0.024071 -0.003557 0.080357 -5.417717
7.96 10.879991 52.964833 0.012112 0.999927 0.007431 0.007584 -0.005663 0.531094 0.096439 -0.055694 0.218262 -5.951092
7.96 10.894013 55.164752 0.000636 1.000000 0.022065 0.007511 -0.007636 0.731732 0.185634 -0.112746 0.350861 -5.937981
7.96 10.888488 57.364734 -0.005659 0.999984 0.039852 0.007586 -0.008528 0.909200 0.294414 -0.172155 0.435152 -5.423890
7.96 10.876485 59.564701 -0.005253 0.999986 0.058190 0.007676 -0.008140 1.016417 0.409487 -0.225300 0.374687 -4.465172
7.96 10.873452 61.764682 0.002496 0.999997 0.074648 0.007774 -0.006819 1.051050 0.496236 -0.246176 -0.026349 -3.130961
7.96 10.892428 63.964559 0.014755 0.999891 0.087992 0.007660 -0.005317 1.215254 0.364946 -0.234790 -1.204524 -1.399272
7.96 10.930397 66.164225 0.019762 0.999805 0.098840 0.007517 -0.004549 1.865699 0.729056 -0.572191 0.000000 0.000000

