1.14 5.629337 3.197310 -0.157297 0.987551 0.553650 2.812896 0.138970 3.874734 48.117188 7.732569 20.317099 -75.729598
1.14 5.292591 5.371365 -0.148835 0.988862 0.257381 2.790062 0.131424 1.030834 20.109565 4.222784 10.712565 -71.140165
1.14 5.016021 7.553309 -0.102592 0.994723 0.014064 2.774182 0.090369 -3.175201 22.529055 3.178258 5.897841 -70.333419
1.14 4.834046 9.745331 -0.062840 0.998024 -0.146001 2.767203 0.055262 -5.190579 20.623288 2.861125 3.549402 -68.434159
1.14 4.723752 11.942386 -0.037427 0.999299 -0.243000 2.764542 0.032908 -6.388143 20.375215 2.854371 2.607492 -66.717137
1.14 4.656800 14.141313 -0.023438 0.999725 -0.301903 2.763676 0.020639 -7.023636 20.146887 2.957459 2.272077 -64.936268
1.14 4.613109 16.340865 -0.016281 0.999867 -0.340359 2.763219 0.014360 -7.393253 20.030433 3.060711 2.140372 -63.012608
1.14 4.581356 18.540632 -0.012585 0.999921 -0.368315 2.763049 0.011095 -7.643194 19.942791 3.133486 2.057039 -60.862673
1.14 4.555970 20.740485 -0.010494 0.999945 -0.390657 2.762912 0.009235 -7.839275 19.866201 3.177021 1.983214 -58.458451
1.14 4.534342 22.940378 -0.009168 0.999958 -0.409681 2.762818 0.008055 -8.007221 19.800006 3.200903 1.917571 -55.819482
1.14 4.515153 25.140294 -0.008277 0.999966 -0.426556 2.762744 0.007267 -8.156838 19.741162 3.213387 1.863793 -52.983627
1.14 4.497584 27.340224 -0.007695 0.999970 -0.442007 2.762678 0.006757 -8.292838 19.688675 3.219530 1.822465 -49.991216
1.14 4.481017 29.540161 -0.007366 0.999973 -0.456578 2.762617 0.006470 -8.418416 19.641782 3.222091 1.791609 -46.877118
1.14 4.464933 31.740102 -0.007256 0.999974 -0.470724 2.762559 0.006376 -8.536031 19.599880 3.222665 1.768622 -43.669112
1.14 4.448869 33.940044 -0.007348 0.999973 -0.484854 2.762502 0.006461 -8.647427 19.562740 3.222402 1.751419 -40.389413
1.14 4.432374 36.139982 -0.007647 0.999971 -0.499366 2.762444 0.006729 -8.753640 19.530505 3.222423 1.738789 -37.057023
1.14 4.414955 38.339913 -0.008188 0.999966 -0.514692 2.762382 0.007207 -8.855138 19.503698 3.224108 1.730464 -33.690068
1.14 4.396000 40.539831 -0.009043 0.999959 -0.531369 2.762310 0.007960 -8.952081 19.483349 3.229356 1.727399 -30.308112
1.14 4.374688 42.739727 -0.010331 0.999947 -0.550122 2.762219 0.009094 -9.044600 19.471281 3.240828 1.732528 -26.934819
1.14 4.349889 44.939586 -0.012214 0.999925 -0.571944 2.762097 0.010750 -9.132859 19.470733 3.262065 1.751893 -23.601439
1.14 4.320121 47.139383 -0.014848 0.999890 -0.598138 2.761921 0.013067 -9.216319 19.487452 3.297156 1.795148 -20.351348
1.14 4.283691 49.339078 -0.018270 0.999833 -0.630194 2.761653 0.016076 -9.291293 19.530068 3.349280 1.872781 -17.243726
1.14 4.239192 51.538624 -0.022183 0.999754 -0.669347 2.761253 0.019515 -9.346278 19.609341 3.417280 1.985525 -14.352567
1.14 4.186502 53.737990 -0.025716 0.999669 -0.715697 2.760699 0.022621 -9.355658 19.733165 3.488721 2.100161 -11.752472
1.14 4.128066 55.937213 -0.027408 0.999624 -0.767099 2.759995 0.024109 -9.280936 19.877040 3.525597 2.113807 -9.462358
1.14 4.069481 58.136432 -0.025851 0.999666 -0.818634 2.759322 0.022743 -9.116923 19.954285 3.428412 1.848555 -7.346519
1.14 4.017758 60.335818 -0.021170 0.999776 -0.864138 2.758752 0.018627 -9.227694 19.564034 3.075994 1.373353 -4.759725
1.14 3.977750 62.535444 -0.015202 0.999884 -0.899342 2.758444 0.013376 -10.550159 18.646120 2.622492 1.542052 -0.853709
1.14 3.954611 64.735298 -0.005834 0.999983 -0.919703 2.758308 0.005132 -11.878577 19.872799 2.184692 1.854603 2.739586
1.14 3.964013 66.935166 0.014381 0.999897 -0.911429 2.758201 -0.012653 -11.893924 17.143920 1.695387 0.478791 10.736683
1.14 4.022896 69.134209 0.039150 0.999233 -0.859622 2.757364 -0.034451 -13.311912 37.435568 3.636313 0.000000 0.000000
1.14 10.885704 -3.126308 -0.003109 0.999995 0.779213 -2.750437 0.002734 12.400580 -37.098495 3.849344 1.857341 8.920406
1.14 10.865316 -0.926444 -0.015425 0.999881 0.761279 -2.750561 0.013570 9.745614 -17.108220 2.227613 1.864331 2.292846
1.14 10.833519 1.273325 -0.013481 0.999909 0.733304 -2.750753 0.011862 9.554363 -20.071945 2.603355 0.955027 -0.375154
1.14 10.810011 3.473191 -0.007890 0.999969 0.712616 -2.750877 0.006943 7.897703 -18.963769 2.946408 0.907322 -3.553221
1.14 10.791695 5.673115 -0.008761 0.999962 0.696497 -2.750925 0.007710 6.633675 -20.220397 3.371794 1.695477 -5.166994
1.14 10.766940 7.872968 -0.013744 0.999906 0.674719 -2.751078 0.012091 6.920573 -20.586229 3.701897 2.068279 -6.343504
1.14 10.733235 10.072707 -0.016897 0.999857 0.645072 -2.751292 0.014863 7.375137 -20.429562 3.758556 2.052530 -7.768675
1.14 10.696494 12.272401 -0.016504 0.999864 0.612758 -2.751581 0.014518 7.664422 -20.237573 3.696453 1.907029 -9.554028
1.14 10.663242 14.472147 -0.013725 0.999906 0.583509 -2.751796 0.012075 7.848050 -20.074913 3.608418 1.763569 -11.680223
1.14 10.636929 16.671986 -0.010196 0.999948 0.560357 -2.751938 0.008971 7.986021 -19.959815 3.523771 1.661055 -14.075279
1.14 10.618032 18.871902 -0.006983 0.999976 0.543728 -2.752009 0.006146 8.109933 -19.879196 3.452385 1.596345 -16.670068
1.14 10.605398 21.071864 -0.004502 0.999990 0.532608 -2.752037 0.003964 8.230570 -19.821410 3.395596 1.555764 -19.409543
1.14 10.597405 23.271849 -0.002764 0.999996 0.525574 -2.752046 0.002434 8.349319 -19.778230 3.351077 1.527894 -22.253414
1.14 10.592583 25.471843 -0.001620 0.999999 0.521332 -2.752045 0.001427 8.464881 -19.744657 3.315454 1.506280 -25.172566
1.14 10.589803 27.671842 -0.000908 1.000000 0.518886 -2.752041 0.000799 8.576100 -19.718091 3.285617 1.488279 -28.144764
1.14 10.588246 29.871841 -0.000507 1.000000 0.517518 -2.752036 0.000445 8.682433 -19.697077 3.259132 1.473423 -31.151436
1.14 10.587308 32.071841 -0.000345 1.000000 0.516695 -2.752033 0.000300 8.783565 -19.680759 3.234200 1.462406 -34.175200
1.14 10.586502 34.271841 -0.000388 1.000000 0.515988 -2.752031 0.000337 8.878964 -19.668675 3.209470 1.456687 -37.197681
1.14 10.585382 36.471840 -0.000631 1.000000 0.515004 -2.752030 0.000550 8.967583 -19.660667 3.183780 1.458297 -40.197282
1.14 10.583489 38.671839 -0.001089 0.999999 0.513342 -2.752031 0.000952 9.047759 -19.656867 3.155858 1.469329 -43.146889
1.14 10.580318 40.871837 -0.001793 0.999998 0.510556 -2.752033 0.001570 9.117249 -19.657654 3.123844 1.490639 -46.012189
1.14 10.575266 43.071831 -0.002800 0.999996 0.506116 -2.752036 0.002459 9.173149 -19.663372 3.084490 1.519952 -48.752657
1.14 10.567504 45.271817 -0.004256 0.999991 0.499289 -2.752046 0.003752 9.210834 -19.674357 3.032076 1.551778 -51.328142
1.14 10.555612 47.471783 -0.006556 0.999979 0.488817 -2.752082 0.005793 9.219714 -19.692701 2.957905 1.586555 -53.713224
1.14 10.536650 49.671697 -0.010682 0.999943 0.472115 -2.752123 0.009433 9.171421 -19.717950 2.853006 1.664413 -55.927319
1.14 10.504298 51.871441 -0.018729 0.999825 0.443637 -2.752411 0.016497 8.994520 -19.766139 2.718741 1.944718 -58.053532
1.14 10.445873 54.070598 -0.034384 0.999409 0.392236 -2.753081 0.030240 8.533539 -19.916935 2.590271 2.838271 -60.212704
1.14 10.339263 56.267794 -0.062534 0.998043 0.298473 -2.755621 0.055012 7.479140 -20.079859 2.582456 5.176548 -62.787925
1.14 10.153727 58.459428 -0.106134 0.994352 0.135270 -2.762949 0.093525 5.558429 -21.853175 2.896943 10.133927 -64.821034
1.14 9.864581 60.639622 -0.156726 0.987642 -0.119120 -2.780380 0.138476 1.369452 -19.422401 3.948322 20.298953 -71.416892
1.14 9.506768 62.810289 -0.168559 0.985692 -0.433933 -2.806206 0.149030 -0.930221 -46.587136 7.038342 0.000000 0.000000

2.27 6.295398 4.422133 -0.202389 0.979305 0.602138 0.209874 -0.008981 13.781823 5.433082 2.823354 15.933991 -56.553884
2.27 5.863240 6.579228 -0.190482 0.981691 0.624347 0.198943 -0.009946 10.755867 2.509028 -0.105880 10.203766 -55.180326
2.27 5.494359 8.747484 -0.144865 0.989451 0.624160 0.188831 0.011020 10.098680 2.218955 0.179079 5.998251 -54.199596
2.27 5.226368 10.930503 -0.098763 0.995111 0.590726 0.180412 0.019928 9.325173 1.776803 0.277269 3.364333 -53.313915
2.27 5.047009 13.122850 -0.064290 0.997931 0.548123 0.175543 0.019045 8.583073 1.570377 0.267092 2.016786 -52.616489
2.27 4.929455 15.319576 -0.042577 0.999093 0.510792 0.173059 0.014959 8.048586 1.449214 0.243936 1.432594 -52.032706
2.27 4.849363 17.518076 -0.030235 0.999543 0.481959 0.171938 0.011253 7.697402 1.395882 0.231466 1.185143 -51.459770
2.27 4.790363 19.717272 -0.023402 0.999726 0.459968 0.171228 0.008741 7.461183 1.357917 0.227233 1.044493 -50.771232
2.27 4.743292 21.916764 -0.019389 0.999812 0.442521 0.170821 0.007127 7.286166 1.335664 0.225122 0.929055 -49.899103
2.27 4.703510 24.116402 -0.016776 0.999859 0.428079 0.170550 0.006011 7.145384 1.318278 0.222610 0.825844 -48.820772
2.27 4.668606 26.316124 -0.014955 0.999888 0.415784 0.170332 0.005175 7.027839 1.304652 0.219814 0.740549 -47.549489
2.27 4.637082 28.515898 -0.013704 0.999906 0.405096 0.170153 0.004547 6.928869 1.295001 0.217624 0.677353 -46.115639
2.27 4.607774 30.715703 -0.012939 0.999916 0.395571 0.170003 0.004117 6.845270 1.289266 0.216706 0.635420 -44.552888
2.27 4.579667 32.915523 -0.012613 0.999920 0.386779 0.169871 0.003881 6.774002 1.287217 0.217346 0.611203 -42.891547
2.27 4.551824 35.115347 -0.012699 0.999919 0.378300 0.169743 0.003832 6.712265 1.288749 0.219653 0.601176 -41.157175
2.27 4.523333 37.315162 -0.013202 0.999913 0.369723 0.169609 0.003969 6.657621 1.294055 0.223852 0.603599 -39.371874
2.27 4.493217 39.514956 -0.014177 0.999899 0.360627 0.169459 0.004306 6.607820 1.303806 0.230545 0.619667 -37.556698
2.27 4.460307 41.714709 -0.015741 0.999876 0.350547 0.169279 0.004866 6.560613 1.319420 0.240921 0.654530 -35.734525
2.27 4.423130 43.914394 -0.018057 0.999837 0.338985 0.169047 0.005655 6.514280 1.343265 0.256740 0.717847 -33.933118
2.27 4.379858 46.113965 -0.021282 0.999774 0.325517 0.168732 0.006599 6.469816 1.378325 0.279675 0.822195 -32.187542
2.27 4.328470 48.313360 -0.025434 0.999676 0.310080 0.168290 0.007444 6.435471 1.426329 0.309362 0.976143 -30.539574
2.27 4.267285 50.512503 -0.030189 0.999544 0.293438 0.167688 0.007695 6.431982 1.483364 0.340042 1.169264 -29.029800
2.27 4.195951 52.711341 -0.034660 0.999399 0.277600 0.166951 0.006711 6.492332 1.534825 0.357787 1.350924 -27.679044
2.27 4.116691 54.909910 -0.037394 0.999301 0.265713 0.166186 0.004103 6.650634 1.546130 0.339387 1.409113 -26.452199
2.27 4.034985 57.108393 -0.036885 0.999320 0.260708 0.165571 0.000454 6.907393 1.468455 0.243885 1.170020 -25.219057
2.27 3.958171 59.307047 -0.032946 0.999457 0.262421 0.165072 -0.002004 7.072274 1.116733 0.009789 0.546485 -23.590574
2.27 3.890851 61.506011 -0.028255 0.999601 0.264594 0.164950 0.000044 6.366604 0.285962 -0.267656 0.097558 -20.884580
2.27 3.830751 63.705188 -0.026381 0.999652 0.255694 0.164384 0.008064 4.644004 0.036178 -0.343939 0.410214 -17.399568
2.27 3.773181 65.904435 -0.025955 0.999663 0.220425 0.163669 0.023975 3.250859 0.498337 -0.148274 0.682410 -13.500542
2.27 3.720116 68.103791 -0.022286 0.999752 0.133847 0.163104 0.054703 1.832171 0.547034 0.301448 0.604928 -8.382819
2.27 3.679530 70.303401 -0.014611 0.999893 -0.023316 0.164229 0.088180 -1.350780 1.755466 1.637526 0.000000 0.000000
2.27 11.139673 -4.289564 -0.062144 0.998067 -0.054445 -0.159875 0.076587 0.142238 -1.672348 1.199085 2.453902 -9.989553
2.27 11.009142 -2.093448 -0.056521 0.998401 -0.190825 -0.164805 0.047471 -2.350320 -0.628986 0.250911 1.020654 -12.450451
2.27 10.907522 0.104086 -0.035861 0.999357 -0.269006 -0.167592 0.023597 -3.665602 -0.548313 -0.121751 -0.325390 -14.496346
2.27 10.850021 2.303230 -0.016413 0.999865 -0.303532 -0.168463 0.007777 -5.358579 0.133415 -0.353093 -1.058675 -16.820158
2.27 10.822078 4.503037 -0.008989 0.999960 -0.308163 -0.168739 -0.003546 -7.567972 -0.182897 -0.277413 -0.355787 -18.530660
2.27 10.798048 6.702902 -0.012856 0.999917 -0.296306 -0.168474 -0.007217 -8.204616 -1.214765 0.039992 0.547178 -19.067933
2.27 10.762758 8.902608 -0.019227 0.999815 -0.283576 -0.168504 -0.004362 -7.799337 -1.517447 0.284489 0.889797 -19.323694
2.27 10.717143 11.102132 -0.022241 0.999753 -0.279125 -0.168575 0.000310 -7.395854 -1.577258 0.371376 0.853425 -19.654448
2.27 10.669411 13.301614 -0.021151 0.999776 -0.283607 -0.168805 0.003762 -7.141703 -1.560077 0.387253 0.671466 -20.187293
2.27 10.626847 15.501199 -0.017544 0.999846 -0.293479 -0.169070 0.005216 -7.002743 -1.508190 0.369807 0.481098 -20.959678
2.27 10.593008 17.700933 -0.013218 0.999913 -0.304883 -0.169281 0.005161 -6.927091 -1.452804 0.339719 0.337527 -21.952968
2.27 10.568204 19.900789 -0.009331 0.999956 -0.315386 -0.169404 0.004395 -6.875025 -1.406090 0.310248 0.246709 -23.128541
2.27 10.550958 22.100719 -0.006347 0.999980 -0.324080 -0.169467 0.003516 -6.826253 -1.371062 0.286934 0.194698 -24.446223
2.27 10.539257 24.300687 -0.004290 0.999991 -0.331035 -0.169498 0.002814 -6.775713 -1.345887 0.270096 0.166058 -25.872290
2.27 10.531239 26.500672 -0.003000 0.999996 -0.336724 -0.169514 0.002363 -6.725215 -1.327972 0.258205 0.150708 -27.379910
2.27 10.525406 28.700664 -0.002303 0.999997 -0.341682 -0.169524 0.002148 -6.677991 -1.315364 0.249712 0.144318 -28.946751
2.27 10.520588 30.900659 -0.002077 0.999998 -0.346390 -0.169530 0.002135 -6.636770 -1.306894 0.243589 0.146685 -30.552083
2.27 10.515814 33.100654 -0.002263 0.999997 -0.351271 -0.169536 0.002305 -6.603725 -1.301957 0.239301 0.160086 -32.174102
2.27 10.510188 35.300646 -0.002851 0.999996 -0.356723 -0.169545 0.002654 -6.580921 -1.300268 0.236584 0.187791 -33.787706
2.27 10.502804 37.500634 -0.003861 0.999993 -0.363137 -0.169561 0.003180 -6.570550 -1.301711 0.235168 0.232137 -35.363144
2.27 10.492688 39.700610 -0.005335 0.999986 -0.370909 -0.169592 0.003888 -6.574855 -1.306202 0.234525 0.291919 -36.866796
2.27 10.478703 41.900564 -0.007378 0.999973 -0.380475 -0.169640 0.004813 -6.596397 -1.313497 0.233806 0.360768 -38.266281
2.27 10.459264 44.100476 -0.010293 0.999947 -0.392470 -0.169716 0.006097 -6.640325 -1.323297 0.232335 0.432174 -39.542108
2.27 10.431575 46.300296 -0.014879 0.999889 -0.408084 -0.169893 0.008100 -6.720940 -1.337077 0.231160 0.521994 -40.705420
2.27 10.390020 48.499886 -0.022898 0.999738 -0.429560 -0.170336 0.011420 -6.873203 -1.366503 0.235387 0.720664 -41.812655
2.27 10.323602 50.698824 -0.037482 0.999297 -0.460299 -0.171218 0.016517 -7.163621 -1.413747 0.254840 1.273217 -42.996808
2.27 10.213225 52.895876 -0.062860 0.998022 -0.503161 -0.173685 0.022509 -7.674178 -1.534437 0.294750 2.629877 -44.425377
2.27 10.031449 55.087919 -0.102391 0.994744 -0.555440 -0.179193 0.025276 -8.432688 -1.748785 0.329117 5.365153 -46.341171
2.27 9.749257 57.268991 -0.154146 0.988048 -0.601354 -0.189495 0.017142 -9.239789 -2.206450 0.249403 9.866940 -48.923130
2.27 9.354806 59.432609 -0.204445 0.978878 -0.613156 -0.202655 -0.005197 -9.892037 -2.514850 -0.049463 16.228154 -52.751028
2.27 8.889462 61.582772 -0.218595 0.975816 -0.597673 -0.216774 -0.007189 -12.662898 -5.396050 2.647656 0.000000 0.000000

3.41 6.884770 4.627379 -0.203771 0.979019 0.484796 -0.267922 -0.018308 13.774579 -4.168089 1.334763 13.845054 -52.656783
3.41 6.449727 6.783894 -0.191722 0.981449 0.522908 -0.261252 -0.016942 10.281072 -1.134347 -0.869137 9.484394 -52.096828
3.41 6.071051 8.950617 -0.152528 0.988299 0.550613 -0.257165 -0.008531 10.165735 -1.731577 -0.645668 6.084665 -51.133695
3.41 5.780774 11.130904 -0.111361 0.993780 0.559044 -0.256902 0.000841 9.971260 -1.679676 -0.469181 3.769560 -50.452800
3.41 5.572121 13.320683 -0.078324 0.996928 0.550750 -0.258143 0.006724 9.692141 -1.794840 -0.382985 2.406047 -49.927348
3.41 5.424862 15.515605 -0.055548 0.998456 0.533820 -0.259638 0.008714 9.382981 -1.867652 -0.358089 1.691982 -49.557159
3.41 5.318442 17.712973 -0.041198 0.999151 0.515093 -0.260615 0.008341 9.111472 -1.907256 -0.361830 1.321387 -49.252988
3.41 5.237470 19.911461 -0.032414 0.999475 0.498085 -0.261297 0.007142 8.898490 -1.930952 -0.372374 1.099033 -48.895482
3.41 5.172270 22.110486 -0.026858 0.999639 0.483701 -0.261770 0.005948 8.735668 -1.943448 -0.380789 0.933138 -48.398823
3.41 5.117317 24.309796 -0.023099 0.999733 0.471668 -0.262097 0.005001 8.607805 -1.949719 -0.385748 0.794464 -47.720938
3.41 5.069439 26.509273 -0.020426 0.999791 0.461461 -0.262335 0.004285 8.503603 -1.951863 -0.388226 0.680718 -46.855864
3.41 5.026569 28.708854 -0.018547 0.999828 0.452630 -0.262522 0.003750 8.416960 -1.950513 -0.389048 0.595142 -45.820031
3.41 4.987083 30.908499 -0.017350 0.999849 0.444803 -0.262677 0.003372 8.344615 -1.945677 -0.388490 0.538231 -44.640134
3.41 4.949533 33.108179 -0.016787 0.999859 0.437631 -0.262814 0.003156 8.284062 -1.937404 -0.386549 0.507309 -43.344938
3.41 4.912549 35.307868 -0.016835 0.999858 0.430749 -0.262943 0.003111 8.232638 -1.925739 -0.383151 0.499020 -41.961497
3.41 4.874773 37.507543 -0.017506 0.999847 0.423772 -0.263076 0.003244 8.187397 -1.910536 -0.378152 0.511917 -40.514636
3.41 4.834772 39.707179 -0.018859 0.999822 0.416314 -0.263225 0.003551 8.145444 -1.891240 -0.371273 0.548073 -39.028349
3.41 4.790933 41.906741 -0.020995 0.999780 0.408030 -0.263406 0.003995 8.104854 -1.866859 -0.362196 0.613249 -37.527882
3.41 4.741415 44.106181 -0.024022 0.999711 0.398720 -0.263636 0.004482 8.066434 -1.836399 -0.351026 0.714934 -36.041330
3.41 4.684226 46.305434 -0.027968 0.999609 0.388476 -0.263931 0.004843 8.036056 -1.800148 -0.339165 0.857450 -34.599167
3.41 4.617555 48.504417 -0.032641 0.999467 0.377817 -0.264302 0.004861 8.025886 -1.762008 -0.330115 1.034167 -33.229681
3.41 4.540408 50.703057 -0.037492 0.999297 0.367643 -0.264722 0.004400 8.051376 -1.731560 -0.328933 1.218972 -31.949179
3.41 4.453487 52.901335 -0.041527 0.999137 0.358874 -0.265114 0.003574 8.122830 -1.720417 -0.339559 1.359442 -30.750990
3.41 4.360045 55.099349 -0.043420 0.999057 0.351850 -0.265523 0.002807 8.239779 -1.748243 -0.364130 1.365894 -29.582256
3.41 4.266081 57.297341 -0.042003 0.999118 0.345892 -0.265854 0.002576 8.392197 -1.837738 -0.417314 1.089433 -28.320177
3.41 4.178592 59.495595 -0.037533 0.999295 0.339814 -0.266139 0.002937 8.552460 -2.009008 -0.608964 0.307845 -26.755342
3.41 4.099955 61.694186 -0.033956 0.999423 0.331757 -0.266318 0.004428 7.861809 -3.018202 -0.887357 -0.446596 -23.858257
3.41 4.020376 63.892740 -0.038389 0.999263 0.314901 -0.267170 0.010959 5.502058 -3.153792 -0.867518 0.130991 -20.291279
3.41 3.920806 66.090434 -0.052130 0.998640 0.274642 -0.268751 0.025725 3.711801 -2.438084 -0.435846 1.168732 -16.727705
3.41 3.789043 68.286418 -0.067655 0.997709 0.198226 -0.273046 0.043811 2.290217 -1.815515 0.034112 2.184944 -12.935471
3.41 3.634087 70.480946 -0.073214 0.997316 0.091085 -0.280033 0.053775 0.616354 -3.898757 0.551683 0.000000 0.000000
3.41 11.099872 -4.467452 -0.110690 0.993855 -0.164250 0.276975 0.038330 -1.796083 3.831514 0.105295 3.847167 -14.327029
3.41 10.874236 -2.279127 -0.094435 0.995531 -0.241285 0.268296 0.032091 -2.597908 1.724417 -0.076460 1.501345 -14.894432
3.41 10.706453 -0.085901 -0.058095 0.998311 -0.297920 0.263531 0.019536 -3.777592 2.403547 -0.531260 -0.650438 -16.011316
3.41 10.614816 2.111892 -0.025212 0.999682 -0.327993 0.262276 0.007888 -5.732845 3.501394 -1.018803 -1.844907 -18.031275
3.41 10.575182 4.311478 -0.010819 0.999941 -0.339192 0.261793 0.002337 -8.746310 3.395006 -1.032912 -0.853951 -19.723685
3.41 10.549021 6.511321 -0.012964 0.999916 -0.342284 0.261881 0.000542 -9.303156 2.148908 -0.698648 0.136237 -20.027086
3.41 10.513122 8.711015 -0.019671 0.999807 -0.342402 0.261887 -0.000454 -8.979250 2.060700 -0.494669 0.517410 -20.231806
3.41 10.465083 10.910486 -0.024002 0.999712 -0.341720 0.261874 -0.000217 -8.735376 1.936078 -0.439430 0.569002 -20.413188
3.41 10.411795 13.109840 -0.024442 0.999701 -0.342678 0.261777 0.001070 -8.548480 1.887096 -0.401988 0.461778 -20.710706
3.41 10.360815 15.309248 -0.021903 0.999760 -0.346634 0.261699 0.002520 -8.420482 1.874193 -0.376156 0.304160 -21.181581
3.41 10.317017 17.508807 -0.017913 0.999840 -0.353198 0.261544 0.003459 -8.342146 1.881937 -0.363097 0.157542 -21.839635
3.41 10.282175 19.708527 -0.013762 0.999905 -0.361092 0.261406 0.003731 -8.295873 1.899380 -0.359868 0.048132 -22.673664
3.41 10.255795 21.908365 -0.010219 0.999948 -0.369078 0.261312 0.003541 -8.263327 1.916873 -0.361236 -0.021726 -23.658431
3.41 10.236213 24.108276 -0.007582 0.999971 -0.376454 0.261252 0.003177 -8.233420 1.930457 -0.363281 -0.060563 -24.765515
3.41 10.221433 26.308225 -0.005854 0.999983 -0.383073 0.261216 0.002853 -8.202982 1.939458 -0.364197 -0.077987 -25.968214
3.41 10.209578 28.508193 -0.004923 0.999988 -0.389138 0.261193 0.002674 -8.173568 1.944345 -0.363530 -0.079953 -27.242160
3.41 10.199020 30.708168 -0.004674 0.999989 -0.395005 0.261174 0.002671 -8.148337 1.945669 -0.361331 -0.067920 -28.563884
3.41 10.188337 32.908142 -0.005038 0.999987 -0.401058 0.261153 0.002841 -8.130334 1.943752 -0.357733 -0.040116 -29.908919
3.41 10.176205 35.108108 -0.005991 0.999982 -0.407662 0.261123 0.003171 -8.121944 1.938728 -0.352849 0.006224 -31.250458
3.41 10.161307 37.308057 -0.007552 0.999971 -0.415163 0.261078 0.003655 -8.124992 1.930689 -0.346766 0.072285 -32.559488
3.41 10.142236 39.507973 -0.009785 0.999952 -0.423925 0.261008 0.004318 -8.141449 1.919743 -0.339381 0.156018 -33.807519
3.41 10.117307 41.707829 -0.012877 0.999917 -0.434437 0.260896 0.005247 -8.175309 1.905839 -0.329973 0.254364 -34.973190
3.41 10.084104 43.907573 -0.017307 0.999850 -0.447465 0.260700 0.006607 -8.235960 1.887786 -0.316714 0.374227 -36.053387
3.41 10.038531 46.107088 -0.024123 0.999709 -0.464116 0.260343 0.008547 -8.341650 1.862084 -0.297056 0.557010 -37.079020
3.41 9.973242 48.306085 -0.035231 0.999379 -0.485497 0.259700 0.010916 -8.518065 1.821289 -0.270608 0.916601 -38.131447
3.41 9.875715 50.503831 -0.053430 0.998572 -0.511561 0.258529 0.012822 -8.784856 1.757108 -0.245456 1.678464 -39.351762
3.41 9.727077 52.698583 -0.081695 0.996657 -0.539186 0.256343 0.012374 -9.126401 1.648761 -0.245149 3.175567 -40.910012
3.41 9.503848 54.886792 -0.121240 0.992623 -0.560841 0.253616 0.007418 -9.463971 1.484192 -0.307247 5.733634 -42.971868
3.41 9.185155 57.062953 -0.168481 0.985705 -0.566497 0.251693 -0.002156 -9.712806 1.468099 -0.463830 9.533052 -45.880611
3.41 8.767060 59.222319 -0.211606 0.977355 -0.551364 0.253455 -0.011706 -9.824747 0.831842 -0.671716 14.524230 -49.168632
3.41 8.287226 61.369304 -0.224607 0.974449 -0.523227 0.258254 -0.014310 -13.310415 3.636375 1.499662 0.000000 0.000000

4.55 7.345015 4.566347 -0.192335 0.981329 0.348124 -0.170847 -0.016017 11.525935 -2.780927 0.897509 13.175631 -54.935615
4.55 6.934637 6.727694 -0.180736 0.983532 0.381919 -0.164165 -0.015314 8.868663 -0.739071 -0.826955 9.316507 -54.921703
4.55 6.574825 8.897733 -0.146366 0.989231 0.411142 -0.159227 -0.011633 8.737523 -1.114741 -0.657466 6.364380 -54.419761
4.55 6.291706 11.079087 -0.111015 0.993819 0.430364 -0.156448 -0.006032 8.694940 -1.027964 -0.507462 4.348406 -53.978193
4.55 6.078763 13.268531 -0.082569 0.996585 0.437610 -0.155891 -0.000569 8.617144 -1.108166 -0.406831 3.106637 -53.564397
4.55 5.919423 15.462639 -0.062285 0.998058 0.434729 -0.156131 0.003192 8.467035 -1.153559 -0.348631 2.372198 -53.259852
4.55 5.797455 17.659204 -0.048595 0.998819 0.425788 -0.156673 0.004944 8.285226 -1.193166 -0.322244 1.912847 -53.003411
4.55 5.700660 19.857050 -0.039401 0.999223 0.414573 -0.157218 0.005259 8.109088 -1.218481 -0.313867 1.596094 -52.700083
4.55 5.620964 22.055595 -0.033050 0.999454 0.403421 -0.157650 0.004887 7.957662 -1.234500 -0.312558 1.355297 -52.268649
4.55 5.553270 24.254548 -0.028491 0.999594 0.393283 -0.157973 0.004336 7.833148 -1.244712 -0.312655 1.162076 -51.660958
4.55 5.494258 26.453753 -0.025156 0.999684 0.384299 -0.158220 0.003837 7.730596 -1.250714 -0.312240 1.008151 -50.860026
4.55 5.441531 28.653120 -0.022778 0.999741 0.376281 -0.158415 0.003456 7.644600 -1.252862 -0.310990 0.892811 -49.871501
4.55 5.393100 30.852586 -0.021249 0.999774 0.368952 -0.158578 0.003208 7.571348 -1.251042 -0.308898 0.815825 -48.714614
4.55 5.347145 33.052106 -0.020528 0.999789 0.362012 -0.158725 0.003104 7.508105 -1.245168 -0.305851 0.775353 -47.414953
4.55 5.301901 35.251640 -0.020603 0.999788 0.355130 -0.158869 0.003156 7.452314 -1.235173 -0.301618 0.768957 -46.000021
4.55 5.255598 37.451153 -0.021490 0.999769 0.347960 -0.159023 0.003366 7.401417 -1.220813 -0.295936 0.795413 -44.497427
4.55 5.206405 39.650602 -0.023230 0.999730 0.340178 -0.159203 0.003711 7.353564 -1.201589 -0.288668 0.855560 -42.934873
4.55 5.152395 41.849937 -0.025870 0.999665 0.331563 -0.159423 0.004124 7.308930 -1.177054 -0.280094 0.951254 -41.340675
4.55 5.091575 44.049093 -0.029421 0.999567 0.322077 -0.159700 0.004501 7.270835 -1.147642 -0.271281 1.082478 -39.743464
4.55 5.022054 46.247989 -0.033780 0.999429 0.311924 -0.160038 0.004731 7.245480 -1.115807 -0.264248 1.243612 -38.169934
4.55 4.942382 48.446539 -0.038649 0.999253 0.301489 -0.160430 0.004762 7.239316 -1.086597 -0.261513 1.420329 -36.640385
4.55 4.852069 50.644678 -0.043453 0.999055 0.291144 -0.160869 0.004657 7.254964 -1.067380 -0.264976 1.587107 -35.161962
4.55 4.752240 52.842408 -0.047301 0.998881 0.280971 -0.161352 0.004597 7.288715 -1.068012 -0.274460 1.701879 -33.718100
4.55 4.646267 55.039853 -0.049039 0.998797 0.270655 -0.161868 0.004766 7.337163 -1.086595 -0.288852 1.687317 -32.267764
4.55 4.539923 57.237281 -0.047638 0.998865 0.259715 -0.162370 0.005192 7.424742 -1.158944 -0.321648 1.379233 -30.691765
4.55 4.439646 59.434990 -0.043523 0.999052 0.247536 -0.162946 0.005897 7.600308 -1.172218 -0.495138 0.482983 -28.929484
4.55 4.346039 61.632996 -0.041574 0.999135 0.232766 -0.163473 0.007555 7.011957 -2.344337 -0.765547 -0.513934 -25.662038
4.55 4.243267 63.830565 -0.051854 0.998655 0.210732 -0.164617 0.012502 4.093869 -2.469187 -0.734712 0.443725 -21.797704
4.55 4.102287 66.025878 -0.076310 0.997084 0.174563 -0.166958 0.020444 2.346277 -1.556464 -0.327979 2.009854 -18.311450
4.55 3.904912 68.216806 -0.103121 0.994669 0.122575 -0.172210 0.026991 1.348309 -1.139491 -0.010956 3.436715 -14.688898
4.55 3.665502 70.403705 -0.114525 0.993420 0.061448 -0.180030 0.028957 0.486213 -2.539574 0.250888 0.000000 0.000000
4.55 10.982734 -4.396472 -0.139499 0.990222 -0.137074 0.171915 0.016884 -1.669470 2.375850 -0.150989 4.742377 -15.813573
4.55 10.697699 -2.215126 -0.119623 0.992819 -0.173613 0.166138 0.016701 -1.781685 1.060880 -0.091037 2.168013 -15.745082
4.55 10.482943 -0.026173 -0.075609 0.997138 -0.206514 0.162332 0.013367 -2.497603 1.484239 -0.401684 -0.439313 -16.205199
4.55 10.362437 2.170044 -0.033942 0.999424 -0.229588 0.160965 0.007651 -4.280866 2.796727 -0.869952 -2.095034 -17.969629
4.55 10.309301 4.369297 -0.014364 0.999897 -0.242274 0.160495 0.003877 -7.933527 2.712243 -0.923924 -0.846368 -19.543861
4.55 10.277086 6.569061 -0.014922 0.999889 -0.249308 0.160491 0.002543 -8.229881 1.362527 -0.604638 0.148613 -19.679508
4.55 10.237492 8.768694 -0.021073 0.999778 -0.253923 0.160370 0.001658 -7.931887 1.429073 -0.422070 0.522225 -19.886331
4.55 10.186217 10.968091 -0.025541 0.999674 -0.257119 0.160336 0.001254 -7.774114 1.311986 -0.379496 0.593944 -20.073398
4.55 10.128806 13.167342 -0.026651 0.999645 -0.260140 0.160241 0.001461 -7.671048 1.266563 -0.350421 0.532723 -20.373165
4.55 10.072029 15.366608 -0.024964 0.999688 -0.264082 0.160130 0.002122 -7.585866 1.235539 -0.323601 0.417740 -20.827797
4.55 10.020776 17.566008 -0.021630 0.999766 -0.269531 0.160004 0.002842 -7.518952 1.227554 -0.302881 0.293791 -21.463424
4.55 9.977461 19.765577 -0.017747 0.999843 -0.276295 0.159870 0.003310 -7.470329 1.231961 -0.290028 0.186164 -22.280148
4.55 9.942413 21.965294 -0.014115 0.999900 -0.283717 0.159749 0.003435 -7.435091 1.241875 -0.283779 0.106067 -23.263301
4.55 9.914580 24.165116 -0.011188 0.999937 -0.291138 0.159656 0.003309 -7.406650 1.251966 -0.281469 0.054973 -24.389998
4.55 9.892210 26.365001 -0.009149 0.999958 -0.298180 0.159590 0.003092 -7.380472 1.259371 -0.280584 0.029611 -25.634184
4.55 9.873336 28.564920 -0.008009 0.999968 -0.304793 0.159540 0.002920 -7.355491 1.263120 -0.279529 0.026412 -26.969237
4.55 9.856037 30.764852 -0.007718 0.999970 -0.311166 0.159497 0.002874 -7.333234 1.263110 -0.277599 0.043958 -28.368434
4.55 9.838503 32.964782 -0.008222 0.999966 -0.317608 0.159451 0.002981 -7.316250 1.259433 -0.274640 0.083149 -29.804500
4.55 9.819007 35.164695 -0.009501 0.999955 -0.324463 0.159395 0.003250 -7.307048 1.252148 -0.270709 0.145891 -31.249463
4.55 9.795817 37.364572 -0.011581 0.999933 -0.332101 0.159316 0.003692 -7.308156 1.241295 -0.265787 0.233773 -32.675891
4.55 9.767053 39.564381 -0.014569 0.999894 -0.340953 0.159200 0.004355 -7.323363 1.226884 -0.259547 0.348693 -34.060412
4.55 9.730424 41.764071 -0.018730 0.999825 -0.351577 0.159022 0.005305 -7.359679 1.208588 -0.251268 0.497514 -35.390236
4.55 9.682741 43.963545 -0.024618 0.999697 -0.364627 0.158733 0.006563 -7.428462 1.184927 -0.240355 0.701985 -36.673143
4.55 9.619118 46.162604 -0.033222 0.999448 -0.380578 0.158255 0.007945 -7.542904 1.152248 -0.227994 1.013454 -37.950578
4.55 9.531895 48.360829 -0.046072 0.998938 -0.399082 0.157478 0.008890 -7.709330 1.104081 -0.219865 1.530928 -39.309558
4.55 9.409558 50.557325 -0.065143 0.997876 -0.418141 0.156364 0.008462 -7.914030 1.032363 -0.228014 2.422393 -40.879788
4.55 9.236331 52.750289 -0.092336 0.995728 -0.433768 0.155055 0.005790 -8.117897 0.943787 -0.267784 3.936533 -42.808732
4.55 8.993754 54.936514 -0.128188 0.991750 -0.441046 0.153988 0.000894 -8.266760 0.810011 -0.349843 6.329873 -45.165499
4.55 8.666050 57.111480 -0.169725 0.985491 -0.436912 0.154734 -0.004724 -8.377750 0.829163 -0.474441 9.776245 -48.151343
4.55 8.251115 59.271582 -0.207488 0.978238 -0.422322 0.157471 -0.008779 -8.518113 0.386635 -0.606558 14.288032 -51.336814
4.55 7.781606 61.420857 -0.219339 0.975649 -0.402342 0.161934 -0.009841 -11.269478 2.195802 1.198861 0.000000 0.000000

5.68 7.689726 4.469995 -0.178249 0.983985 0.252467 -0.100323 -0.013786 9.942205 -1.669009 0.557526 12.327019 -56.586092
5.68 7.310277 6.636987 -0.166704 0.986007 0.282396 -0.094928 -0.013884 7.893409 -0.438165 -0.774280 8.811832 -57.150970
5.68 6.977732 8.811433 -0.135609 0.990762 0.310102 -0.090693 -0.011593 7.717849 -0.633220 -0.609578 6.214886 -57.225871
5.68 6.713171 10.995202 -0.104900 0.994483 0.331423 -0.087831 -0.007962 7.725181 -0.565244 -0.472040 4.507738 -57.158480
5.68 6.508695 13.185520 -0.080987 0.996715 0.344505 -0.086615 -0.003965 7.733010 -0.610796 -0.381141 3.487817 -57.002328
5.68 6.349089 15.379644 -0.064109 0.997943 0.349468 -0.086224 -0.000559 7.685898 -0.640511 -0.320624 2.856469 -56.868206
5.68 6.220957 17.575871 -0.052375 0.998628 0.348167 -0.086311 0.001732 7.590918 -0.670033 -0.283736 2.407479 -56.732538
5.68 6.115000 19.773299 -0.043950 0.999034 0.343031 -0.086584 0.002928 7.472343 -0.691605 -0.263133 2.055486 -56.525459
5.68 6.025234 21.971456 -0.037655 0.999291 0.336115 -0.086889 0.003353 7.352204 -0.707556 -0.252031 1.767805 -56.180026
5.68 5.947688 24.170082 -0.032841 0.999461 0.328720 -0.087164 0.003368 7.242213 -0.719000 -0.245654 1.532043 -55.652590
5.68 5.879466 26.369020 -0.029179 0.999574 0.321465 -0.087398 0.003229 7.145539 -0.726776 -0.241292 1.344387 -54.923368
5.68 5.818194 28.568165 -0.026523 0.999648 0.314526 -0.087598 0.003080 7.061138 -0.730894 -0.237610 1.204507 -53.991851
5.68 5.761719 30.767439 -0.024818 0.999692 0.307846 -0.087775 0.002993 6.986861 -0.731023 -0.233936 1.112516 -52.871057
5.68 5.707960 32.966782 -0.024053 0.999711 0.301247 -0.087939 0.003005 6.920613 -0.726810 -0.229838 1.067593 -51.582412
5.68 5.654846 35.166141 -0.024233 0.999706 0.294495 -0.088104 0.003131 6.860546 -0.717956 -0.224976 1.068066 -50.151932
5.68 5.600279 37.365464 -0.025373 0.999678 0.287341 -0.088283 0.003370 6.805313 -0.704167 -0.219149 1.111988 -48.607869
5.68 5.542138 39.564694 -0.027483 0.999622 0.279575 -0.088489 0.003688 6.754728 -0.685248 -0.212454 1.197116 -46.979434
5.68 5.478302 41.763765 -0.030550 0.999533 0.271083 -0.088738 0.004031 6.710383 -0.661494 -0.205481 1.319790 -45.295806
5.68 5.406740 43.962597 -0.034506 0.999404 0.261879 -0.089040 0.004337 6.675348 -0.634373 -0.199406 1.473274 -43.584558
5.68 5.325686 46.161097 -0.039179 0.999232 0.252085 -0.089405 0.004571 6.652320 -0.607061 -0.195781 1.646669 -41.868998
5.68 5.233911 48.359175 -0.044252 0.999020 0.241834 -0.089836 0.004756 6.640934 -0.584372 -0.195955 1.824658 -40.164439
5.68 5.131112 50.556765 -0.049202 0.998789 0.231150 -0.090335 0.004967 6.636556 -0.570894 -0.200355 1.985767 -38.474537
5.68 5.018418 52.753872 -0.053246 0.998581 0.219850 -0.090916 0.005308 6.634003 -0.572473 -0.208140 2.093285 -36.783611
5.68 4.898967 54.950626 -0.055346 0.998467 0.207556 -0.091597 0.005858 6.634939 -0.581161 -0.217271 2.074590 -35.061021
5.68 4.778104 57.147303 -0.054530 0.998512 0.193854 -0.092307 0.006627 6.680817 -0.640990 -0.236440 1.764685 -33.197898
5.68 4.661771 59.344222 -0.051227 0.998687 0.178289 -0.093131 0.007548 6.837984 -0.534999 -0.366181 0.869165 -31.261618
5.68 4.549865 61.541374 -0.050506 0.998724 0.160746 -0.093934 0.008444 6.521340 -1.709789 -0.628858 -0.370958 -27.849299
5.68 4.423492 63.737688 -0.064379 0.997926 0.139795 -0.095313 0.010615 3.126327 -2.002411 -0.626569 0.907150 -23.759393
5.68 4.248064 65.930421 -0.095100 0.995468 0.112533 -0.097479 0.014219 1.512789 -0.921736 -0.267821 2.808164 -20.365845
5.68 4.003032 68.116436 -0.127657 0.991818 0.078503 -0.101876 0.016939 0.857975 -0.696298 -0.021273 4.421025 -16.841406
5.68 3.706770 70.296341 -0.141673 0.989914 0.040644 -0.107692 0.017874 0.348965 -1.536131 0.150051 0.000000 0.000000
5.68 10.853424 -4.298571 -0.154570 0.987982 -0.119117 0.097962 0.007336 -1.557346 1.348619 -0.239893 5.351142 -17.674844
5.68 10.536397 -2.121657 -0.133636 0.991030 -0.135204 0.095231 0.007498 -1.373352 0.617127 -0.086616 2.697133 -17.023443
5.68 10.294048 0.064336 -0.086681 0.996236 -0.150945 0.093088 0.006932 -1.738636 0.824341 -0.323629 -0.186119 -16.824766
5.68 10.154052 2.259289 -0.040588 0.999176 -0.163982 0.092281 0.004923 -3.311364 2.306409 -0.725029 -2.199514 -18.242578
5.68 10.089124 4.458196 -0.018437 0.999830 -0.173625 0.091843 0.003813 -7.479579 2.025426 -0.813905 -0.700682 -19.394040
5.68 10.048991 6.657829 -0.018048 0.999837 -0.181384 0.091751 0.003273 -7.386200 0.799292 -0.489362 0.205434 -19.314570
5.68 10.003429 8.857350 -0.023371 0.999727 -0.187635 0.091620 0.002417 -7.131708 0.926512 -0.352291 0.544362 -19.415338
5.68 9.947540 11.056635 -0.027438 0.999624 -0.192286 0.091534 0.001824 -7.024294 0.826871 -0.313708 0.613161 -19.536571
5.68 9.885837 13.255769 -0.028656 0.999589 -0.196160 0.091407 0.001666 -6.977480 0.787601 -0.288298 0.573147 -19.786912
5.68 9.824148 15.454904 -0.027425 0.999624 -0.200089 0.091291 0.001899 -6.934527 0.754868 -0.263665 0.488592 -20.198322
5.68 9.766882 17.654156 -0.024635 0.999697 -0.204736 0.091168 0.002331 -6.890670 0.739436 -0.242140 0.391226 -20.794646
5.68 9.716508 19.853576 -0.021160 0.999776 -0.210322 0.091036 0.002751 -6.849052 0.735427 -0.225497 0.298615 -21.580382
5.68 9.673762 22.053158 -0.017700 0.999843 -0.216667 0.090907 0.003017 -6.813126 0.738724 -0.214313 0.221992 -22.547280
5.68 9.638078 24.252866 -0.014740 0.999891 -0.223399 0.090794 0.003100 -6.782887 0.744516 -0.207675 0.167708 -23.677362
5.68 9.608042 26.452659 -0.012566 0.999921 -0.230179 0.090700 0.003059 -6.756490 0.749507 -0.203941 0.138260 -24.946918
5.68 9.581785 28.652502 -0.011304 0.999936 -0.236837 0.090620 0.002990 -6.732602 0.751867 -0.201534 0.134152 -26.329339
5.68 9.557264 30.852366 -0.010988 0.999940 -0.243403 0.090547 0.002977 -6.711487 0.750797 -0.199374 0.155778 -27.796757
5.68 9.532401 33.052225 -0.011615 0.999933 -0.250063 0.090474 0.003076 -6.694806 0.746002 -0.196884 0.204408 -29.320935
5.68 9.505117 35.252055 -0.013190 0.999913 -0.257103 0.090388 0.003324 -6.685140 0.737389 -0.193800 0.282401 -30.874265
5.68 9.473268 37.451823 -0.015764 0.999876 -0.264880 0.090277 0.003748 -6.686072 0.724931 -0.189940 0.393652 -32.431657
5.68 9.434505 39.651477 -0.019476 0.999810 -0.273811 0.090120 0.004373 -6.702838 0.708487 -0.185129 0.545401 -33.973974
5.68 9.386012 41.850936 -0.024608 0.999697 -0.284318 0.089888 0.005183 -6.742632 0.687438 -0.179438 0.751766 -35.493568
5.68 9.324137 44.050052 -0.031642 0.999499 -0.296677 0.089536 0.006055 -6.813013 0.660154 -0.173885 1.038231 -37.002401
5.68 9.243881 46.248562 -0.041318 0.999146 -0.310687 0.089010 0.006684 -6.917310 0.623526 -0.171508 1.446527 -38.542252
5.68 9.138295 48.445977 -0.054669 0.998505 -0.325273 0.088281 0.006582 -7.048144 0.573876 -0.178145 2.043420 -40.193528
5.68 8.997842 50.641396 -0.073015 0.997331 -0.338270 0.087418 0.005248 -7.183575 0.507139 -0.201813 2.944881 -42.067076
5.68 8.809970 52.833189 -0.097778 0.995208 -0.346781 0.086676 0.002514 -7.294514 0.431751 -0.249622 4.359579 -44.268884
5.68 8.559813 55.018636 -0.129637 0.991561 -0.348254 0.086433 -0.001153 -7.361922 0.332630 -0.325087 6.551050 -46.813175
5.68 8.233967 57.193983 -0.166586 0.986027 -0.341864 0.087608 -0.004758 -7.428632 0.339686 -0.433936 9.714345 -49.774010
5.68 7.829906 59.356221 -0.200742 0.979644 -0.328878 0.089980 -0.007244 -7.611006 0.057539 -0.548213 13.901048 -52.848528
5.68 7.375781 61.508803 -0.212099 0.977248 -0.313151 0.093402 -0.007410 -9.740242 1.064311 0.939574 0.000000 0.000000

