1.14 0.094405 5.059885 -0.046788 -0.998905 0.083049 0.052690 0.002810 0.951330 0.793808 -0.207027 -0.242446 -0.500429
1.14 -0.011941 2.862459 -0.049889 -0.998755 0.086222 0.052538 0.000077 0.625161 0.406666 -0.060447 0.014899 0.065172
1.14 -0.127291 0.665493 -0.054975 -0.998488 0.081472 0.052785 -0.004402 0.560035 0.515911 -0.128712 0.223089 1.204893
1.14 -0.253402 -1.530884 -0.059671 -0.998218 0.067258 0.053553 -0.008540 0.438187 0.522806 -0.179302 0.374745 2.873327
1.14 -0.388249 -3.726744 -0.062917 -0.998019 0.045358 0.054772 -0.011400 0.260018 0.548861 -0.209318 0.495123 4.858167
1.14 -0.528634 -5.922260 -0.064705 -0.997904 0.018589 0.056297 -0.012975 0.051517 0.569299 -0.225793 0.617154 6.939966
1.14 -0.671769 -8.117598 -0.065418 -0.997858 -0.010599 0.057978 -0.013602 -0.167296 0.590641 -0.236995 0.761556 8.878442
1.14 -0.815420 -10.312903 -0.065175 -0.997874 -0.040240 0.059690 -0.013387 -0.371505 0.614934 -0.243926 0.892946 10.440808
1.14 -0.957112 -12.508335 -0.063636 -0.997973 -0.068158 0.061293 -0.012032 -0.545611 0.626836 -0.240401 0.943278 11.444320
1.14 -1.093567 -14.704096 -0.060413 -0.998173 -0.091469 0.062608 -0.009192 -0.673075 0.621077 -0.217929 0.875622 11.763099
1.14 -1.221125 -16.900389 -0.055549 -0.998456 -0.106955 0.063455 -0.004907 -0.742486 0.590323 -0.174014 0.710421 11.339057
1.14 -1.336788 -19.097336 -0.049600 -0.998769 -0.111979 0.063726 0.000333 -0.745733 0.540536 -0.114783 0.496067 10.173938
1.14 -1.439080 -21.294946 -0.043393 -0.999058 -0.105241 0.063412 0.005798 -0.680436 0.482226 -0.051072 0.279609 8.326739
1.14 -1.528338 -23.493126 -0.037751 -0.999287 -0.087037 0.062597 0.010766 -0.549095 0.426066 0.006694 0.091314 5.910235
1.14 -1.606530 -25.691731 -0.033333 -0.999444 -0.059098 0.061405 0.014656 -0.360654 0.379117 0.051202 -0.057329 3.085279
1.14 -1.676843 -27.890605 -0.030587 -0.999532 -0.024226 0.059975 0.017074 -0.130443 0.345358 0.078417 -0.169192 0.049146
1.14 -1.743219 -30.089603 -0.029755 -0.999557 0.014110 0.058433 0.017807 0.121169 0.326251 0.086854 -0.255129 -2.980639
1.14 -1.809928 -32.288591 -0.030890 -0.999523 0.052153 0.056899 0.016809 0.370532 0.321508 0.076904 -0.327398 -5.785280
1.14 -1.881159 -34.487435 -0.033866 -0.999426 0.086220 0.055491 0.014189 0.592847 0.329801 0.050396 -0.394002 -8.164372
1.14 -1.960640 -36.685994 -0.038388 -0.999263 0.113031 0.054334 0.010209 0.764780 0.349354 0.010352 -0.455136 -9.954152
1.14 -2.051271 -38.884117 -0.044004 -0.999031 0.130032 0.053560 0.005264 0.867435 0.378291 -0.039207 -0.502794 -11.042464
1.14 -2.154830 -41.081668 -0.050141 -0.998742 0.135661 0.053291 -0.000141 0.889213 0.414684 -0.093497 -0.523829 -11.378962
1.14 -2.271774 -43.278548 -0.056171 -0.998421 0.129516 0.053615 -0.005454 0.827819 0.456339 -0.147331 -0.505591 -10.979621
1.14 -2.401191 -45.474730 -0.061482 -0.998108 0.112396 0.054554 -0.010134 0.690794 0.500516 -0.195580 -0.442199 -9.925224
1.14 -2.540939 -47.670282 -0.065561 -0.997849 0.086189 0.056049 -0.013731 0.494278 0.543785 -0.233686 -0.339060 -8.354089
1.14 -2.687932 -49.865364 -0.068069 -0.997681 0.053606 0.057960 -0.015942 0.260159 0.582264 -0.258190 -0.213647 -6.449835
1.14 -2.838588 -52.060200 -0.068891 -0.997624 0.017800 0.060087 -0.016667 0.012087 0.613178 -0.267310 -0.091544 -4.426386
1.14 -2.989361 -54.255027 -0.068176 -0.997673 -0.018112 0.062225 -0.016037 -0.229680 0.630262 -0.261287 0.002487 -2.505339
1.14 -3.137338 -56.450044 -0.066349 -0.997796 -0.051565 0.064191 -0.014427 -0.451343 0.656768 -0.239016 0.054817 -0.924930
1.14 -3.280730 -58.645364 -0.064007 -0.997949 -0.080984 0.065893 -0.012363 -0.701865 0.572607 -0.199118 0.126556 0.223756
1.14 -3.418594 -60.841038 -0.061324 -0.998118 -0.105542 0.067280 -0.009997 -1.434314 0.966004 -0.511519 0.000000 0.000000
1.14 -4.905190 5.169982 -0.045766 -0.998952 0.077903 -0.070293 0.003712 0.891435 -0.619929 -0.302675 -0.183309 0.289622
1.14 -5.009828 2.972476 -0.049359 -0.998781 0.082586 -0.070517 0.000548 0.552932 -0.341398 -0.160483 0.071806 -0.386798
1.14 -5.124486 0.775474 -0.054875 -0.998493 0.078456 -0.070298 -0.004311 0.541925 -0.418033 -0.231046 0.167678 -1.665327
1.14 -5.250090 -1.420932 -0.059310 -0.998240 0.064693 -0.069560 -0.008221 0.501301 -0.476329 -0.260362 0.080163 -3.410227
1.14 -5.382840 -3.616922 -0.061371 -0.998115 0.044641 -0.068453 -0.010038 0.378249 -0.561516 -0.241264 -0.165093 -5.395948
1.14 -5.518142 -5.812758 -0.061631 -0.998099 0.022338 -0.067216 -0.010269 0.167242 -0.642465 -0.167112 -0.531297 -7.400124
1.14 -5.654506 -8.008527 -0.062336 -0.998055 -0.000902 -0.065913 -0.010891 -0.415282 -0.946104 -0.136025 -0.658756 -8.963921
1.14 -5.794860 -10.204043 -0.065259 -0.997868 -0.027656 -0.064392 -0.013467 -1.205006 -0.467274 -0.231140 -0.267827 -10.644273
1.14 -5.940431 -12.399221 -0.067078 -0.997748 -0.058997 -0.062563 -0.015070 -0.867333 -0.231876 -0.352062 -0.349469 -12.004852
1.14 -6.085120 -14.594456 -0.064457 -0.997920 -0.089558 -0.060788 -0.012759 -0.812660 -0.366439 -0.306439 -0.501933 -12.534336
1.14 -6.220244 -16.790292 -0.058383 -0.998294 -0.111702 -0.059539 -0.007403 -0.850038 -0.367231 -0.212605 -0.564386 -12.287336
1.14 -6.340397 -18.986993 -0.050847 -0.998706 -0.120673 -0.059051 -0.000764 -0.838638 -0.381104 -0.119289 -0.542806 -11.238252
1.14 -6.444120 -21.184531 -0.043446 -0.999056 -0.115188 -0.059302 0.005755 -0.749587 -0.389397 -0.035243 -0.475903 -9.447171
1.14 -6.532826 -23.382731 -0.037195 -0.999308 -0.096490 -0.060136 0.011260 -0.588845 -0.397694 0.033333 -0.393760 -7.031624
1.14 -6.609671 -25.581383 -0.032664 -0.999466 -0.067358 -0.061369 0.015249 -0.375507 -0.406529 0.082800 -0.308638 -4.162443
1.14 -6.678737 -27.780297 -0.030123 -0.999546 -0.031382 -0.062835 0.017486 -0.133168 -0.418052 0.111352 -0.218239 -1.047882
1.14 -6.744466 -29.979315 -0.029630 -0.999561 0.007529 -0.064393 0.017920 0.114472 -0.434476 0.118651 -0.113198 2.084701
1.14 -6.811241 -32.178301 -0.031074 -0.999517 0.045520 -0.065925 0.016648 0.345817 -0.457447 0.105740 0.015250 5.008831
1.14 -6.883057 -34.377126 -0.034213 -0.999415 0.079073 -0.067315 0.013884 0.542635 -0.487414 0.074992 0.169260 7.518509
1.14 -6.963253 -36.575658 -0.038693 -0.999251 0.105253 -0.068448 0.009939 0.690721 -0.523246 0.030012 0.341184 9.445645
1.14 -7.054304 -38.773765 -0.044080 -0.999028 0.121882 -0.069206 0.005194 0.780141 -0.562225 -0.024548 0.513808 10.673895
1.14 -7.157665 -40.971326 -0.049885 -0.998755 0.127679 -0.069483 0.000080 0.805227 -0.600395 -0.083313 0.663885 11.147916
1.14 -7.273694 -43.168255 -0.055597 -0.998453 0.122329 -0.069203 -0.004953 0.764545 -0.633236 -0.140634 0.767894 10.877503
1.14 -7.401642 -45.364524 -0.060720 -0.998155 0.106494 -0.068339 -0.009467 0.660966 -0.656537 -0.191131 0.808228 9.936475
1.14 -7.539723 -47.560182 -0.064808 -0.997898 0.081746 -0.066937 -0.013070 0.501867 -0.667242 -0.230240 0.777771 8.456464
1.14 -7.685279 -49.755360 -0.067515 -0.997718 0.050422 -0.065111 -0.015456 0.299219 -0.664103 -0.254700 0.681393 6.616042
1.14 -7.835060 -51.950255 -0.068649 -0.997641 0.015383 -0.063034 -0.016455 0.068934 -0.648817 -0.262979 0.534314 4.626787
1.14 -7.985646 -54.145095 -0.068246 -0.997669 -0.020361 -0.060912 -0.016098 -0.170995 -0.619839 -0.255353 0.358808 2.710483
1.14 -8.134020 -56.340085 -0.066639 -0.997777 -0.054159 -0.058918 -0.014681 -0.407891 -0.603951 -0.229755 0.186156 1.107014
1.14 -8.278185 -58.535355 -0.064419 -0.997923 -0.084254 -0.057176 -0.012724 -0.677419 -0.468473 -0.185487 0.101743 -0.104812
1.14 -8.417012 -60.730969 -0.061787 -0.998089 -0.109652 -0.055733 -0.010403 -1.509079 -0.757305 -0.499131 0.000000 0.000000
1.14 -9.954465 4.816947 -0.999669 0.025736 0.040044 -0.161038 -0.031438 -0.003757 -2.043129 -0.940782 1.334209 -0.830434
1.14 -12.153723 4.874065 -0.999657 0.026189 0.040598 -0.091441 -0.031835 0.382942 -0.503409 -0.390862 3.559370 -0.393290
1.14 -14.353103 4.925973 -0.999779 0.021000 0.041047 -0.026427 -0.027268 0.434638 0.079654 -0.355940 5.720098 -0.258170
1.14 -16.552740 4.965350 -0.999891 0.014797 0.041275 0.027563 -0.021810 0.437461 0.427894 -0.303959 7.632080 -0.198746
1.14 -18.752578 4.991223 -0.999962 0.008723 0.041326 0.069674 -0.016468 0.408231 0.663745 -0.248255 9.115021 -0.144491
1.14 -20.952532 5.003972 -0.999996 0.002867 0.041279 0.100242 -0.011317 0.360996 0.815589 -0.198287 10.015669 -0.077909
1.14 -23.152522 5.003944 -0.999996 -0.002893 0.041198 0.119570 -0.006253 0.297521 0.885241 -0.153766 10.235253 -0.000741
1.14 -25.352477 4.991266 -0.999963 -0.008632 0.041150 0.127773 -0.001205 0.232136 0.866435 -0.109502 9.726739 0.082226
1.14 -27.552323 4.966035 -0.999898 -0.014305 0.041195 0.124933 0.003785 0.184386 0.765558 -0.059432 8.493635 0.160805
1.14 -29.751997 4.928628 -0.999806 -0.019701 0.041389 0.111384 0.008531 0.163979 0.602029 -0.002691 6.597867 0.217463
1.14 -31.951455 4.880052 -0.999701 -0.024460 0.041771 0.088010 0.012718 0.169087 0.396175 0.055340 4.163480 0.235654
1.14 -34.150689 4.822176 -0.999604 -0.028155 0.042345 0.056454 0.015971 0.193487 0.164275 0.106706 1.367859 0.209448
1.14 -36.349746 4.757783 -0.999538 -0.030384 0.043072 0.019166 0.017934 0.230673 -0.079048 0.144324 -1.575476 0.146644
1.14 -38.548714 4.690425 -0.999524 -0.030851 0.043873 -0.020734 0.018347 0.274801 -0.317848 0.163412 -4.437729 0.065251
1.14 -40.747714 4.624124 -0.999567 -0.029422 0.044644 -0.059705 0.017091 0.320718 -0.533919 0.161714 -6.996499 -0.013646
1.14 -42.946862 4.562990 -0.999658 -0.026154 0.045284 -0.094134 0.014216 0.364066 -0.707894 0.139326 -9.056293 -0.073356
1.14 -45.146236 4.510775 -0.999773 -0.021314 0.045726 -0.120719 0.009957 0.401567 -0.821729 0.098482 -10.466273 -0.106736
1.14 -47.345856 4.470439 -0.999882 -0.015355 0.045953 -0.136856 0.004714 0.431252 -0.861796 0.043284 -11.133802 -0.117429
1.14 -49.545683 4.443784 -0.999961 -0.008876 0.046002 -0.140957 -0.000986 0.452415 -0.821688 -0.020715 -11.032674 -0.117008
1.14 -51.745636 4.431227 -0.999997 -0.002540 0.045946 -0.132658 -0.006560 0.465214 -0.703858 -0.087119 -10.205326 -0.119408
1.14 -53.945628 4.431742 -0.999995 0.003008 0.045860 -0.112858 -0.011440 0.470078 -0.519555 -0.149412 -8.758783 -0.134972
1.14 -56.145594 4.442989 -0.999974 0.007217 0.045801 -0.083614 -0.015143 0.467151 -0.287126 -0.201601 -6.854688 -0.166443
1.14 -58.345514 4.461559 -0.999953 0.009664 0.045786 -0.047927 -0.017297 0.456008 -0.029346 -0.238608 -4.694261 -0.208133
1.14 -60.545407 4.483253 -0.999949 0.010058 0.045796 -0.009488 -0.017644 0.435688 0.229198 -0.256325 -2.499573 -0.247961
1.14 -62.745314 4.503335 -0.999966 0.008198 0.045794 0.027535 -0.016010 0.405071 0.463704 -0.251356 -0.492968 -0.270647
1.14 -64.945269 4.516685 -0.999992 0.003938 0.045748 0.058640 -0.012264 0.363290 0.649027 -0.220659 1.123430 -0.259459
1.14 -67.145256 4.517918 -0.999996 -0.002817 0.045671 0.079087 -0.006323 0.312019 0.757469 -0.161468 2.184224 -0.193549
1.14 -69.345173 4.501642 -0.999928 -0.011979 0.045652 0.084132 0.001736 0.252703 0.754889 -0.072425 2.576335 -0.037945
1.14 -71.544807 4.463343 -0.999739 -0.022838 0.045879 0.069801 0.011291 0.217155 0.598481 0.040786 2.218622 0.273870
1.14 -73.743920 4.401905 -0.999455 -0.033014 0.046559 0.035112 0.020248 0.146116 0.220643 0.158770 1.156078 0.879828
1.14 -75.942594 4.325608 -0.999339 -0.036347 0.047623 -0.012653 0.023185 0.562868 -0.607329 0.440196 0.000000 0.000000
1.14 -10.092712 9.815484 -0.999669 0.025737 -0.037600 -0.162106 -0.031444 -0.767691 -2.153219 -0.980745 -0.452378 -0.776766
1.14 -12.291960 9.872973 -0.999648 0.026526 -0.037043 -0.092169 -0.032138 -0.520290 -0.699665 -0.403446 -2.533931 -0.258986
1.14 -14.491316 9.925924 -0.999766 0.021611 -0.036569 -0.026225 -0.027813 -0.547842 -0.116750 -0.347570 -4.582826 -0.070467
1.14 -16.690928 9.966659 -0.999881 0.015421 -0.036324 0.028971 -0.022364 -0.494567 0.271182 -0.285538 -6.450141 -0.024205
1.14 -18.890751 9.993730 -0.999958 0.009190 -0.036255 0.072144 -0.016881 -0.454510 0.550049 -0.227150 -7.910571 -0.039407
1.14 -21.090700 10.007184 -0.999995 0.003042 -0.036298 0.103336 -0.011472 -0.413666 0.739633 -0.173961 -8.792089 -0.072115
1.14 -23.290689 10.007078 -0.999995 -0.003138 -0.036374 0.122595 -0.006035 -0.373694 0.848307 -0.122209 -8.976134 -0.099121
1.14 -25.490636 9.993339 -0.999956 -0.009352 -0.036413 0.129859 -0.000568 -0.333305 0.877376 -0.070176 -8.410712 -0.105886
1.14 -27.690457 9.966111 -0.999881 -0.015401 -0.036344 0.125254 0.004755 -0.291870 0.827818 -0.018567 -7.113940 -0.082383
1.14 -29.890086 9.926142 -0.999781 -0.020934 -0.036108 0.109439 0.009623 -0.249941 0.705122 0.030075 -5.171118 -0.024517
1.14 -32.089486 9.875034 -0.999674 -0.025528 -0.035676 0.083823 0.013667 -0.209435 0.521187 0.072156 -2.725948 0.063185
1.14 -34.288672 9.815285 -0.999585 -0.028790 -0.035059 0.050604 0.016538 -0.173575 0.293770 0.103848 0.033297 0.166789
1.14 -36.487706 9.750147 -0.999537 -0.030427 -0.034312 0.012645 0.017979 -0.146293 0.044374 0.121820 2.891237 0.265304
1.14 -38.686692 9.683354 -0.999541 -0.030294 -0.033526 -0.026770 0.017861 -0.131380 -0.204457 0.123812 5.624886 0.335735
1.14 -40.885743 9.618785 -0.999596 -0.028405 -0.032800 -0.064225 0.016198 -0.131572 -0.431613 0.109004 8.023405 0.359331
1.14 -43.084958 9.560116 -0.999689 -0.024930 -0.032218 -0.096487 0.013137 -0.147814 -0.619183 0.078218 9.906326 0.327065
1.14 -45.284392 9.510502 -0.999797 -0.020173 -0.031828 -0.120778 0.008947 -0.178868 -0.753405 0.033952 11.138722 0.242536
1.14 -47.484052 9.472313 -0.999894 -0.014545 -0.031635 -0.135015 0.003993 -0.221356 -0.824980 -0.019802 11.642197 0.121281
1.14 -49.683895 9.446929 -0.999964 -0.008531 -0.031600 -0.137983 -0.001300 -0.270239 -0.829029 -0.077943 11.401037 -0.013413
1.14 -51.883851 9.434625 -0.999996 -0.002654 -0.031661 -0.129442 -0.006470 -0.319604 -0.764988 -0.134841 10.463232 -0.136929
1.14 -54.083844 9.434532 -0.999997 0.002569 -0.031748 -0.110160 -0.011064 -0.363600 -0.636577 -0.184978 8.936370 -0.229977
1.14 -56.283816 9.444679 -0.999978 0.006656 -0.031814 -0.081870 -0.014657 -0.397263 -0.451914 -0.223506 6.978628 -0.283459
1.14 -58.483745 9.462103 -0.999958 0.009184 -0.031839 -0.047181 -0.016878 -0.417082 -0.223702 -0.246575 4.785376 -0.300062
1.14 -60.683646 9.482980 -0.999952 0.009795 -0.031836 -0.009458 -0.017413 -0.421201 0.030497 -0.251350 2.572279 -0.291961
1.14 -62.883556 9.502756 -0.999967 0.008183 -0.031841 0.027294 -0.015993 -0.409363 0.287704 -0.235687 0.556233 -0.274471
1.14 -65.083510 9.516245 -0.999992 0.004080 -0.031884 0.058512 -0.012383 -0.382462 0.518261 -0.197597 -1.064315 -0.255518
1.14 -67.283497 9.517749 -0.999996 -0.002712 -0.031960 0.079184 -0.006407 -0.343371 0.683657 -0.134882 -2.126401 -0.220815
1.14 -69.483412 9.501416 -0.999926 -0.012136 -0.031975 0.084163 0.001883 -0.292561 0.734612 -0.046073 -2.520021 -0.116189
1.14 -71.683030 9.462348 -0.999727 -0.023380 -0.031734 0.069140 0.011776 -0.253171 0.612930 0.064201 -2.174522 0.167480
1.14 -73.882100 9.399407 -0.999427 -0.033838 -0.031014 0.033117 0.020979 -0.164113 0.251806 0.177051 -1.143611 0.807285
1.14 -76.080707 9.321224 -0.999306 -0.037237 -0.029892 -0.016314 0.023970 -0.468263 -0.591134 0.443806 0.000000 0.000000
1.14 -8.426572 -9.772333 -0.715833 -0.698271 0.086588 -0.025931 -0.010930 2.325194 -0.140167 -0.259993 -0.513163 -0.571808
1.14 -10.002491 -11.307415 -0.716820 -0.697258 0.068740 -0.007845 -0.012172 1.030369 -0.092493 -0.002166 0.267387 0.241115
1.14 -11.580207 -12.840651 -0.717467 -0.696593 0.049307 0.011855 -0.012987 0.901300 0.232529 -0.079591 1.368599 1.244825
1.14 -13.159338 -14.372429 -0.718107 -0.695933 0.028637 0.032843 -0.013795 0.673062 0.388068 -0.123106 2.722970 2.484444
1.14 -14.739541 -15.903102 -0.718441 -0.695588 0.007020 0.054798 -0.014216 0.472905 0.571201 -0.152366 4.127335 3.778810
1.14 -16.319740 -17.433778 -0.718103 -0.695937 -0.014588 0.076753 -0.013788 0.273587 0.735502 -0.171695 5.405950 4.985323
1.14 -17.898113 -18.966336 -0.716782 -0.697298 -0.034592 0.097052 -0.012119 0.089550 0.867866 -0.175858 6.391315 5.975542
1.14 -19.472345 -20.503144 -0.714339 -0.699800 -0.050951 0.113614 -0.009043 -0.071476 0.953208 -0.160518 6.958311 6.637822
1.14 -21.040097 -22.046557 -0.710890 -0.703303 -0.061609 0.124366 -0.004719 -0.199020 0.984270 -0.126403 7.035405 6.876996
1.14 -22.599534 -23.598367 -0.706780 -0.707433 -0.064953 0.127732 0.000406 -0.282277 0.959749 -0.079285 6.601374 6.626051
1.14 -24.149717 -25.159422 -0.702476 -0.711707 -0.060156 0.122967 0.005741 -0.312779 0.883796 -0.027412 5.677358 5.859007
1.14 -25.690741 -26.729518 -0.698455 -0.715654 -0.047305 0.110246 0.010697 -0.286242 0.763912 0.021185 4.320019 4.599258
1.14 -27.223684 -28.307511 -0.695129 -0.718885 -0.027343 0.090578 0.014776 -0.203983 0.609593 0.060327 2.616418 2.920777
1.14 -28.750420 -29.891514 -0.692812 -0.721118 -0.001922 0.065622 0.017608 -0.072993 0.431998 0.086057 0.678475 0.942108
1.14 -30.273397 -31.479134 -0.691713 -0.722173 0.026807 0.037483 0.018949 0.094725 0.243767 0.096341 -1.364076 -1.185477
1.14 -31.795404 -33.067685 -0.691930 -0.721965 0.056391 0.008523 0.018685 0.283215 0.058787 0.090670 -3.372218 -3.293940
1.14 -33.319326 -34.654398 -0.693454 -0.720501 0.084291 -0.018820 0.016826 0.473967 -0.108274 0.069762 -5.207167 -5.216546
1.14 -34.847902 -36.236623 -0.696161 -0.717886 0.108097 -0.042215 0.013515 0.647711 -0.242823 0.035407 -6.740404 -6.805680
1.14 -36.383476 -37.812054 -0.699815 -0.714324 0.125750 -0.059632 0.009027 0.786592 -0.331706 -0.009619 -7.863895 -7.947982
1.14 -37.927760 -39.378944 -0.704080 -0.710121 0.135742 -0.069533 0.003759 0.876424 -0.364963 -0.061664 -8.500046 -8.574762
1.14 -39.481654 -40.936302 -0.708551 -0.705659 0.137279 -0.071048 -0.001797 0.908594 -0.337627 -0.116403 -8.610572 -8.666627
1.14 -41.045141 -42.484031 -0.712801 -0.701367 0.130378 -0.064090 -0.007111 0.881112 -0.251068 -0.169149 -8.202959 -8.252381
1.14 -42.617283 -44.022971 -0.716419 -0.697670 0.115863 -0.049399 -0.011661 0.798591 -0.113423 -0.215222 -7.333013 -7.403240
1.14 -44.196307 -45.554854 -0.719058 -0.694950 0.095293 -0.028497 -0.014995 0.671269 0.061033 -0.250251 -6.102288 -6.223854
1.14 -45.779762 -47.082160 -0.720447 -0.693510 0.070822 -0.003569 -0.016757 0.513537 0.253376 -0.270360 -4.650096 -4.841507
1.14 -47.364706 -48.607923 -0.720411 -0.693548 0.045040 0.022717 -0.016711 0.342473 0.441924 -0.272293 -3.140913 -3.394463
1.14 -48.947924 -50.135475 -0.718879 -0.695136 0.020774 0.047428 -0.014771 0.177579 0.604993 -0.253706 -1.749863 -2.020896
1.14 -50.526231 -51.668096 -0.715946 -0.698156 0.000828 0.067679 -0.011068 0.036435 0.719496 -0.213831 -0.644290 -0.844863
1.14 -52.096977 -53.208459 -0.712005 -0.702174 -0.012471 0.081116 -0.006118 -0.045107 0.785254 -0.153206 0.011483 0.014635
1.14 -53.658986 -54.757681 -0.708002 -0.706210 -0.018081 0.086758 -0.001116 -0.144452 0.736771 -0.077699 0.177569 0.523814
1.14 -55.214057 -56.313876 -0.705699 -0.708512 -0.017591 0.086262 0.001750 -0.078730 1.140960 -0.201290 0.000000 0.000000
1.14 -12.044025 -6.337448 -0.716003 -0.698098 0.014545 -0.114480 -0.011137 0.315730 -1.606045 -0.459148 0.291334 0.003573
1.14 -13.620499 -7.871960 -0.717155 -0.696914 -0.003786 -0.095901 -0.012592 0.131589 -0.866383 -0.176870 -0.673788 -0.792426
1.14 -15.198697 -9.404700 -0.717571 -0.696486 -0.023634 -0.075759 -0.013118 -0.135649 -0.772272 -0.180739 -1.868771 -1.904104
1.14 -16.777810 -10.936496 -0.717987 -0.696057 -0.044294 -0.054792 -0.013645 -0.329927 -0.586352 -0.178727 -3.260022 -3.241146
1.14 -18.358062 -12.467118 -0.718606 -0.695418 -0.065955 -0.032786 -0.014429 -0.584141 -0.329562 -0.206897 -4.638996 -4.696063
1.14 -19.939544 -13.996469 -0.719105 -0.694902 -0.088703 -0.009662 -0.015061 -0.680183 -0.000216 -0.264413 -5.979720 -6.189155
1.14 -21.520908 -15.525942 -0.718499 -0.695528 -0.111346 0.013358 -0.014294 -0.680142 0.118159 -0.283314 -7.182857 -7.390212
1.14 -23.098925 -17.058863 -0.716062 -0.698037 -0.131043 0.033344 -0.011216 -0.762923 0.138033 -0.229354 -7.992053 -8.110851
1.14 -24.669813 -18.599081 -0.712018 -0.702161 -0.144467 0.046910 -0.006134 -0.858978 0.180669 -0.142269 -8.262781 -8.315180
1.14 -26.230874 -20.149252 -0.707128 -0.707086 -0.149243 0.051718 -0.000027 -0.914366 0.212436 -0.055851 -7.950558 -7.975055
1.14 -27.781111 -21.710247 -0.702179 -0.712000 -0.144495 0.047002 0.006109 -0.904863 0.206915 0.018295 -7.079396 -7.086296
1.14 -29.321081 -23.281377 -0.697793 -0.716300 -0.130714 0.033368 0.011514 -0.829354 0.154866 0.076189 -5.717530 -5.687666
1.14 -30.852479 -24.860867 -0.694388 -0.719601 -0.109392 0.012377 0.015686 -0.699320 0.058849 0.116360 -3.964171 -3.866664
1.14 -32.377745 -26.446286 -0.692217 -0.721689 -0.082675 -0.013830 0.018337 -0.532621 -0.072149 0.138374 -1.940947 -1.753818
1.14 -33.899717 -28.034870 -0.691394 -0.722478 -0.053060 -0.042822 0.019340 -0.349377 -0.226059 0.142408 0.215408 0.490424
1.14 -35.421354 -29.623776 -0.691912 -0.721982 -0.023151 -0.072096 0.018707 -0.169188 -0.389729 0.129239 2.360741 2.692849
1.14 -36.945493 -31.210279 -0.693669 -0.720294 0.004556 -0.099254 0.016564 -0.009232 -0.550129 0.100382 4.351965 4.685859
1.14 -38.474649 -32.791944 -0.696473 -0.717583 0.027850 -0.122154 0.013131 0.116940 -0.695060 0.058221 6.056267 6.324567
1.14 -40.010842 -34.366771 -0.700066 -0.714078 0.044952 -0.139036 0.008714 0.199996 -0.813577 0.006073 7.360746 7.500469
1.14 -41.555471 -35.933322 -0.704142 -0.710060 0.054635 -0.148635 0.003679 0.234893 -0.896308 -0.051904 8.181953 8.150217
1.14 -43.109225 -37.490822 -0.708362 -0.705849 0.056290 -0.150270 -0.001565 0.220576 -0.935818 -0.110958 8.474502 8.258943
1.14 -44.672045 -39.039226 -0.712383 -0.701790 0.049972 -0.143902 -0.006590 0.159526 -0.927121 -0.166137 8.237535 7.858510
1.14 -46.243127 -40.579248 -0.715873 -0.698230 0.036387 -0.130161 -0.010974 0.057335 -0.868384 -0.212729 7.517601 7.021814
1.14 -47.820964 -42.112355 -0.718524 -0.695503 0.016861 -0.110336 -0.014319 -0.077533 -0.761801 -0.246634 6.406653 5.854665
1.14 -49.403409 -43.640707 -0.720063 -0.693909 -0.006718 -0.086330 -0.016267 -0.233709 -0.614565 -0.264567 5.034343 4.486770
1.14 -50.987771 -45.167074 -0.720267 -0.693697 -0.031984 -0.060579 -0.016525 -0.396639 -0.439792 -0.264101 3.554591 3.063155
1.14 -52.570950 -46.694668 -0.718987 -0.695024 -0.056208 -0.035908 -0.014903 -0.549163 -0.257926 -0.243716 2.128328 1.737702
1.14 -54.149692 -48.226840 -0.716234 -0.697860 -0.076533 -0.015268 -0.011427 -0.667981 -0.092271 -0.203193 0.900147 0.663937
1.14 -55.721139 -49.766488 -0.712354 -0.701820 -0.090440 -0.001204 -0.006551 -0.749918 0.011211 -0.142865 0.001265 0.007944
1.14 -57.283884 -51.314968 -0.708323 -0.705889 -0.096696 0.005086 -0.001512 -0.715376 0.131888 -0.069280 -0.541018 -0.184359
1.14 -58.839632 -52.870485 -0.705994 -0.708218 -0.096797 0.005186 0.001384 -1.167137 0.042984 -0.196647 0.000000 0.000000
1.14 -68.103271 -34.216963 -0.958440 -0.285295 0.085090 -0.102908 -0.021856 1.288781 -1.471674 -0.725203 0.406434 -0.354751
1.14 -70.212324 -34.842977 -0.958881 -0.283809 0.070375 -0.055559 -0.023220 0.674170 -0.433005 -0.292997 1.997400 0.360288
1.14 -72.321367 -35.469023 -0.958431 -0.285324 0.055665 -0.008239 -0.021829 0.645309 0.011390 -0.296814 3.836623 0.964493
1.14 -74.429116 -36.099408 -0.957705 -0.287753 0.042099 0.035268 -0.019600 0.532052 0.295241 -0.281838 5.782990 1.570851
1.14 -76.535057 -36.735806 -0.956787 -0.290791 0.030121 0.073484 -0.016808 0.440490 0.529332 -0.255435 7.590603 2.152361
1.14 -78.638734 -37.379643 -0.955647 -0.294515 0.020137 0.105159 -0.013383 0.351648 0.713422 -0.222160 9.053521 2.662713
1.14 -80.739641 -38.032454 -0.954269 -0.298951 0.012587 0.128939 -0.009298 0.272037 0.845596 -0.181586 9.998171 3.046681
1.14 -82.837283 -38.695675 -0.952679 -0.303977 0.007909 0.143561 -0.004660 0.204741 0.920164 -0.134528 10.301447 3.252490
1.14 -84.931278 -39.370322 -0.950952 -0.309338 0.006441 0.148132 0.000295 0.153917 0.933081 -0.083384 9.899433 3.239374
1.14 -87.021441 -40.056748 -0.949196 -0.314686 0.008343 0.142337 0.005248 0.123604 0.883583 -0.031723 8.791340 2.984020
1.14 -89.107852 -40.754498 -0.947542 -0.319632 0.013546 0.126579 0.009836 0.117051 0.774742 0.016273 7.037899 2.485983
1.14 -91.190892 -41.462257 -0.946131 -0.323784 0.021715 0.102016 0.013695 0.135999 0.613530 0.056423 4.754717 1.770974
1.14 -93.271242 -42.177889 -0.945097 -0.326791 0.032250 0.070524 0.016492 0.179958 0.410749 0.085111 2.101643 0.890578
1.14 -95.349852 -42.898568 -0.944549 -0.328372 0.044317 0.034593 0.017964 0.245756 0.180915 0.099718 -0.730882 -0.082443
1.14 -97.427868 -43.620961 -0.944557 -0.328348 0.056907 -0.002846 0.017943 0.327533 -0.058100 0.098862 -3.537479 -1.062960
1.14 -99.506533 -44.341480 -0.945139 -0.326669 0.068926 -0.038637 0.016379 0.417264 -0.285909 0.082491 -6.114529 -1.964887
1.14 -101.587063 -45.056587 -0.946253 -0.323428 0.079304 -0.069666 0.013364 0.505745 -0.481148 0.051872 -8.276875 -2.712896
1.14 -103.670518 -45.763119 -0.947797 -0.318874 0.087108 -0.093150 0.009133 0.583893 -0.623742 0.009506 -9.873422 -3.251981
1.14 -105.757677 -46.458624 -0.949620 -0.313403 0.091654 -0.106933 0.004060 0.644032 -0.697629 -0.041026 -10.800499 -3.552974
1.14 -107.848952 -47.141648 -0.951539 -0.307527 0.092576 -0.109735 -0.001378 0.680886 -0.693389 -0.095338 -11.011781 -3.613238
1.14 -109.944348 -47.811926 -0.953366 -0.301817 0.089873 -0.101324 -0.006653 0.692013 -0.610074 -0.148618 -10.523624 -3.453159
1.14 -112.043471 -48.470447 -0.954928 -0.296839 0.083889 -0.082569 -0.011243 0.677649 -0.455675 -0.196059 -9.414873 -3.110108
1.14 -114.145583 -49.119376 -0.956083 -0.293098 0.075275 -0.055377 -0.014688 0.640132 -0.246164 -0.233203 -7.820647 -2.631822
1.14 -116.249668 -49.761887 -0.956722 -0.291003 0.064924 -0.022538 -0.016615 0.583226 -0.003512 -0.256093 -5.920388 -2.070565
1.14 -118.354505 -50.401934 -0.956766 -0.290859 0.053911 0.012468 -0.016747 0.511716 0.246490 -0.261234 -3.921358 -1.478409
1.14 -120.458715 -51.044036 -0.956152 -0.292871 0.043450 0.045665 -0.014896 0.431379 0.475831 -0.245487 -2.039518 -0.902901
1.14 -122.560804 -51.693032 -0.954838 -0.297126 0.034855 0.072796 -0.010978 0.350975 0.655307 -0.206214 -0.481814 -0.382303
1.14 -124.659246 -52.353706 -0.952835 -0.303487 0.029472 0.089653 -0.005109 0.278391 0.752880 -0.142197 0.573551 0.062808
1.14 -126.752705 -53.029981 -0.950309 -0.311308 0.028472 0.092785 0.002121 0.253789 0.745380 -0.055826 0.959385 0.429257
1.14 -128.840645 -53.723110 -0.947819 -0.318810 0.032330 0.081089 0.009075 0.191193 0.580948 0.041547 0.653721 0.772514
1.14 -130.924639 -54.428061 -0.946721 -0.322055 0.039661 0.058993 0.012089 0.634183 0.519713 0.078906 0.000000 0.000000
1.14 -69.765345 -29.498975 -0.958290 -0.285797 -0.017833 -0.135718 -0.021398 -0.094950 -2.014443 -0.761380 -0.107262 -0.510793
1.14 -71.874141 -30.125851 -0.958797 -0.284091 -0.032328 -0.089123 -0.022964 -0.261958 -0.928006 -0.313704 -1.797022 -0.776766
1.14 -73.983078 -30.752258 -0.958417 -0.285370 -0.046939 -0.042113 -0.021789 -0.470960 -0.561476 -0.297725 -3.656861 -1.272736
1.14 -76.090845 -31.382584 -0.957735 -0.287653 -0.060526 0.001447 -0.019693 -0.565563 -0.253042 -0.266542 -5.591291 -1.850956
1.14 -78.196888 -32.018644 -0.956850 -0.290584 -0.072590 0.039964 -0.016999 -0.648645 0.026030 -0.230194 -7.386131 -2.412035
1.14 -80.300730 -32.661941 -0.955734 -0.294232 -0.082720 0.072112 -0.013642 -0.704442 0.276189 -0.192836 -8.848529 -2.882723
1.14 -82.401831 -33.314128 -0.954358 -0.298665 -0.090437 0.096438 -0.009559 -0.732881 0.483008 -0.153238 -9.811077 -3.204259
1.14 -84.499636 -33.976835 -0.952737 -0.303796 -0.095256 0.111509 -0.004825 -0.732576 0.629256 -0.110525 -10.150342 -3.329819
1.14 -86.593687 -34.651303 -0.950946 -0.309357 -0.096773 0.116232 0.000315 -0.704963 0.700909 -0.065022 -9.797141 -3.226036
1.14 -88.683751 -35.338029 -0.949112 -0.314939 -0.094783 0.110172 0.005484 -0.653248 0.691921 -0.018704 -8.742610 -2.878076
1.14 -90.769911 -36.036526 -0.947398 -0.320059 -0.089360 0.093755 0.010234 -0.581742 0.605439 0.024925 -7.039233 -2.294824
1.14 -92.852618 -36.745263 -0.945972 -0.324248 -0.080899 0.068330 0.014127 -0.496131 0.452616 0.061640 -4.796033 -1.511360
1.14 -94.932666 -37.461775 -0.944981 -0.327127 -0.070099 0.036066 0.016805 -0.403714 0.250459 0.087507 -2.168461 -0.587318
1.14 -97.011118 -38.182909 -0.944521 -0.328450 -0.057895 -0.000264 0.018037 -0.312982 0.019337 0.099604 0.655571 0.399199
1.14 -99.089190 -38.905141 -0.944634 -0.328125 -0.045356 -0.037560 0.017735 -0.232567 -0.219479 0.096354 3.471917 1.361374
1.14 -101.168117 -39.624903 -0.945299 -0.326205 -0.033569 -0.072683 0.015948 -0.169997 -0.445870 0.077623 6.077271 2.215297
1.14 -103.249032 -40.338889 -0.946442 -0.322873 -0.023531 -0.102725 0.012849 -0.130678 -0.642267 0.044710 8.285871 2.891055
1.14 -105.332864 -41.044309 -0.947950 -0.318418 -0.016059 -0.125232 0.008712 -0.117304 -0.794403 0.000270 9.944791 3.341101
1.14 -107.420261 -41.739104 -0.949683 -0.313213 -0.011723 -0.138392 0.003886 -0.129777 -0.891602 -0.051876 10.946829 3.544403
1.14 -109.511547 -42.422097 -0.951487 -0.307689 -0.010810 -0.141170 -0.001226 -0.165539 -0.926878 -0.107057 11.240099 3.506052
1.14 -111.606714 -43.093093 -0.953211 -0.302307 -0.013311 -0.133394 -0.006198 -0.220192 -0.897054 -0.160203 10.833453 3.253076
1.14 -113.705429 -43.752915 -0.954712 -0.297531 -0.018934 -0.115788 -0.010603 -0.288187 -0.803010 -0.206330 9.796984 2.828081
1.14 -115.807065 -44.403383 -0.955866 -0.293804 -0.027128 -0.089953 -0.014036 -0.363421 -0.650116 -0.240959 8.257059 2.282584
1.14 -117.910734 -45.047254 -0.956561 -0.291533 -0.037112 -0.058313 -0.016126 -0.439589 -0.448828 -0.260339 6.385790 1.671735
1.14 -120.015318 -45.688132 -0.956698 -0.291084 -0.047901 -0.024040 -0.016540 -0.510241 -0.215515 -0.261456 4.385426 1.051746
1.14 -122.119488 -46.330367 -0.956184 -0.292766 -0.058326 0.009041 -0.014993 -0.568390 0.026441 -0.241863 2.468622 0.480901
1.14 -124.221729 -46.978875 -0.954943 -0.296788 -0.067053 0.036602 -0.011290 -0.607115 0.244946 -0.199645 0.837541 0.024983
1.14 -126.320418 -47.638761 -0.952956 -0.303108 -0.072657 0.054156 -0.005462 -0.614096 0.400300 -0.134152 -0.341911 -0.235893
1.14 -128.414093 -48.314365 -0.950385 -0.311077 -0.073846 0.057882 0.001905 -0.602479 0.438641 -0.047817 -0.931648 -0.192183
1.14 -130.502125 -49.007216 -0.947826 -0.318788 -0.070071 0.046434 0.009053 -0.470707 0.361318 0.047183 -0.947045 0.241460
1.14 -132.586100 -49.712223 -0.946696 -0.322127 -0.062723 0.024294 0.012155 -0.774480 0.056907 0.078671 0.000000 0.000000
1.14 -22.725454 -10.081479 -0.994816 -0.101688 0.006956 -0.071685 -0.036018 0.583207 -1.835347 -0.800960 1.113096 -0.926334
1.14 -24.913785 -10.307753 -0.994576 -0.104015 -0.002476 0.004702 -0.033961 0.368231 -0.297571 -0.270122 3.122938 0.033453
1.14 -27.100577 -10.548177 -0.993417 -0.114553 -0.010561 0.068639 -0.024633 0.314351 0.316369 -0.182117 4.756709 0.563276
1.14 -29.284545 -10.812973 -0.992009 -0.126170 -0.016160 0.111132 -0.014337 0.201861 0.640733 -0.076992 5.898596 0.882626
1.14 -31.465449 -11.101978 -0.990632 -0.136562 -0.019068 0.132324 -0.005113 0.104147 0.802498 0.018709 6.413197 1.058648
1.14 -33.643480 -11.411961 -0.989396 -0.145241 -0.019446 0.135059 0.002602 0.022168 0.847786 0.094856 6.228942 1.107511
1.14 -35.818993 -11.739197 -0.988343 -0.152246 -0.017610 0.122613 0.008835 -0.038911 0.804577 0.151932 5.338278 1.027777
1.14 -37.992414 -12.080083 -0.987495 -0.157651 -0.013933 0.098157 0.013649 -0.077654 0.689738 0.191445 3.799890 0.821325
1.14 -40.164226 -12.431106 -0.986879 -0.161461 -0.008839 0.064784 0.017045 -0.093831 0.516465 0.214397 1.732619 0.502987
1.14 -42.334968 -12.788698 -0.986523 -0.163623 -0.002804 0.025633 0.018972 -0.088425 0.298695 0.221387 -0.695905 0.102708
1.14 -44.505235 -13.149169 -0.986447 -0.164078 0.003650 -0.016050 0.019377 -0.064010 0.053118 0.213039 -3.284434 -0.337366
1.14 -46.675649 -13.508754 -0.986656 -0.162818 0.009974 -0.056953 0.018253 -0.024691 -0.200401 0.190380 -5.816000 -0.769226
1.14 -48.846813 -13.863772 -0.987129 -0.159925 0.015639 -0.093836 0.015674 0.024242 -0.439626 0.155103 -8.077045 -1.146982
1.14 -51.019257 -14.210854 -0.987819 -0.155604 0.020178 -0.123737 0.011824 0.076995 -0.641790 0.109694 -9.876310 -1.434353
1.14 -53.193380 -14.547233 -0.988656 -0.150195 0.023238 -0.144223 0.007009 0.128065 -0.786210 0.057436 -11.061938 -1.609710
1.14 -55.369413 -14.871016 -0.989555 -0.144153 0.024620 -0.153628 0.001636 0.172895 -0.857175 0.002260 -11.535311 -1.667447
1.14 -57.547397 -15.181399 -0.990430 -0.138012 0.024285 -0.151245 -0.003821 0.208176 -0.846380 -0.051594 -11.260308 -1.615714
1.14 -59.727200 -15.478754 -0.991208 -0.132310 0.022352 -0.137402 -0.008883 0.231689 -0.754185 -0.100106 -10.266941 -1.471868
1.14 -61.908549 -15.764568 -0.991836 -0.127521 0.019062 -0.113407 -0.013132 0.241765 -0.589378 -0.140114 -8.648667 -1.257646
1.14 -64.091079 -16.041239 -0.992282 -0.123998 0.014734 -0.081368 -0.016256 0.236588 -0.367800 -0.169841 -6.553339 -0.995639
1.14 -66.274378 -16.311795 -0.992535 -0.121962 0.009733 -0.043949 -0.018061 0.213902 -0.110741 -0.188968 -4.168673 -0.707311
1.14 -68.458014 -16.579625 -0.992589 -0.121521 0.004437 -0.004132 -0.018451 0.171944 0.156440 -0.197824 -1.704635 -0.411733
1.14 -70.641547 -16.848295 -0.992441 -0.122724 -0.000767 0.034949 -0.017385 0.111956 0.406575 -0.195808 0.624053 -0.124955
1.14 -72.824519 -17.121461 -0.992080 -0.125608 -0.005479 0.070075 -0.014830 0.040023 0.615013 -0.180248 2.613954 0.138729
1.14 -75.006440 -17.402877 -0.991484 -0.130225 -0.009265 0.097945 -0.010736 -0.034876 0.763320 -0.146981 4.089390 0.364338
1.14 -77.186753 -17.696447 -0.990618 -0.136657 -0.011639 0.115124 -0.005028 -0.104924 0.837595 -0.092011 4.919713 0.537400
1.14 -79.364808 -18.006273 -0.989431 -0.145003 -0.012026 0.118003 0.002387 -0.163032 0.821622 -0.012553 5.031442 0.653414
1.14 -81.539846 -18.336548 -0.987876 -0.155247 -0.009764 0.102891 0.011502 -0.200678 0.688170 0.091942 4.412236 0.737760
1.14 -83.711100 -18.690794 -0.985992 -0.166795 -0.004172 0.066691 0.021796 -0.189778 0.394628 0.212065 3.089614 0.873094
1.14 -85.878276 -19.069228 -0.984168 -0.177236 0.005002 0.009209 0.031122 -0.105590 -0.166074 0.323803 1.124298 1.279371
1.14 -88.042979 -19.461726 -0.983743 -0.179580 0.016352 -0.060648 0.033219 0.397774 -1.505903 0.818884 0.000000 0.000000
1.14 -23.450092 -5.136061 -0.994812 -0.101732 -0.004532 -0.074942 -0.035972 -0.052347 -1.940695 -0.886920 -0.827254 -1.140572
1.14 -25.638467 -5.361911 -0.994621 -0.103586 -0.014003 0.001809 -0.034335 -0.277433 -0.442513 -0.322888 -3.018037 -0.680840
1.14 -27.825388 -5.601178 -0.993489 -0.113930 -0.022195 0.066759 -0.025181 -0.368495 0.206752 -0.203171 -4.749486 -0.607677
1.14 -30.009479 -5.864940 -0.992049 -0.125854 -0.027906 0.110159 -0.014614 -0.377831 0.601594 -0.079080 -5.922936 -0.682252
1.14 -32.190401 -6.153792 -0.990607 -0.136738 -0.030826 0.131488 -0.004956 -0.356429 0.819931 0.025266 -6.431721 -0.761101
1.14 -34.368311 -6.464605 -0.989311 -0.145820 -0.031101 0.133497 0.003115 -0.310701 0.899651 0.103755 -6.221817 -0.758024
1.14 -36.543599 -6.793329 -0.988223 -0.153020 -0.029067 0.119750 0.009522 -0.247076 0.871586 0.159710 -5.299770 -0.635605
1.14 -38.716756 -7.135891 -0.987375 -0.158400 -0.025160 0.093828 0.014315 -0.171206 0.759274 0.196322 -3.734751 -0.392470
1.14 -40.888341 -7.488317 -0.986793 -0.161988 -0.019867 0.059226 0.017513 -0.089089 0.582760 0.215443 -1.653294 -0.052195
1.14 -43.058960 -7.846662 -0.986497 -0.163781 -0.013723 0.019415 0.019113 -0.007668 0.361714 0.218112 0.772135 0.345478
1.14 -45.229248 -8.207005 -0.986493 -0.163803 -0.007289 -0.022155 0.019133 0.065811 0.116561 0.205269 3.338596 0.752412
1.14 -47.399834 -8.565549 -0.986767 -0.162146 -0.001116 -0.062145 0.017656 0.124594 -0.132071 0.178269 5.830659 1.119896
1.14 -49.571286 -8.918799 -0.987280 -0.158991 0.004296 -0.097480 0.014844 0.163397 -0.364577 0.139136 8.039143 1.406231
1.14 -51.744066 -9.263763 -0.987975 -0.154612 0.008538 -0.125525 0.010943 0.179155 -0.563569 0.090668 9.779026 1.582881
1.14 -53.918501 -9.598128 -0.988783 -0.149356 0.011325 -0.144245 0.006263 0.171380 -0.714712 0.036398 10.905184 1.637878
1.14 -56.094758 -9.920409 -0.989632 -0.143626 0.012509 -0.152331 0.001165 0.142071 -0.807229 -0.019591 11.324808 1.575686
1.14 -58.272852 -10.230034 -0.990453 -0.137851 0.012077 -0.149281 -0.003968 0.095254 -0.834207 -0.073022 11.005621 1.413793
1.14 -60.452657 -10.527373 -0.991189 -0.132457 0.010140 -0.135419 -0.008759 0.036286 -0.792887 -0.119912 9.979203 1.177207
1.14 -62.633940 -10.813694 -0.991796 -0.127834 0.006905 -0.111862 -0.012862 -0.028864 -0.685009 -0.157052 8.338968 0.892691
1.14 -64.816382 -11.091057 -0.992243 -0.124314 0.002651 -0.080422 -0.015984 -0.094215 -0.517165 -0.182331 6.232625 0.584410
1.14 -66.999612 -11.362174 -0.992511 -0.122155 -0.002292 -0.043486 -0.017896 -0.154175 -0.300997 -0.194752 3.849504 0.271964
1.14 -69.183218 -11.630245 -0.992586 -0.121546 -0.007564 -0.003871 -0.018435 -0.203809 -0.052977 -0.194129 1.403733 -0.029291
1.14 -71.366763 -11.898816 -0.992455 -0.122610 -0.012781 0.035302 -0.017490 -0.239043 0.206398 -0.180561 -0.885106 -0.306554
1.14 -73.549775 -12.171668 -0.992102 -0.125437 -0.017527 0.070707 -0.014983 -0.256770 0.453855 -0.153892 -2.812035 -0.547439
1.14 -75.731737 -12.452763 -0.991500 -0.130105 -0.021349 0.098859 -0.010842 -0.254742 0.664271 -0.113278 -4.205691 -0.737165
1.14 -77.912059 -12.746268 -0.990610 -0.136718 -0.023728 0.116091 -0.004971 -0.230730 0.810077 -0.056855 -4.945334 -0.853356
1.14 -80.090043 -13.056579 -0.989375 -0.145384 -0.024053 0.118537 0.002730 -0.182368 0.858244 0.018400 -4.973647 -0.855960
1.14 -82.264881 -13.388147 -0.987750 -0.156042 -0.021609 0.102280 0.012215 -0.104978 0.766568 0.115526 -4.305907 -0.672325
1.14 -84.435784 -13.744523 -0.985798 -0.167935 -0.015710 0.064198 0.022818 -0.001504 0.481916 0.229448 -3.021823 -0.180816
1.14 -86.602507 -14.125542 -0.983950 -0.178446 -0.006132 0.004435 0.032207 0.139112 -0.086348 0.339035 -1.269766 0.832141
1.14 -88.766743 -14.520604 -0.983538 -0.180700 0.005627 -0.067681 0.034222 0.228831 -1.480956 0.822260 0.000000 0.000000

